0	324.0	288.0	0	1	24	
1	288.0	216.0	0	0	1	
2	396.0	288.0	0	2	25	
3	468.0	288.0	0	3	25	
4	540.0	288.0	0	4	26	
5	612.0	288.0	0	5	26	
6	216.0	288.0	0	0	6	
7	288.0	324.0	0	6	24	
8	288.0	396.0	0	7	27	
9	288.0	468.0	0	8	27	
10	288.0	540.0	0	9	28	
11	288.0	612.0	0	10	28	
12	396.0	360.0	0	11	25	
13	432.0	396.0	0	11	12	
14	360.0	396.0	0	11	27	
15	468.0	360.0	0	12	25	
16	504.0	396.0	0	12	13	
17	468.0	432.0	0	12	29	
18	540.0	360.0	0	13	26	
19	576.0	396.0	0	13	14	
20	540.0	432.0	0	13	29	
21	612.0	360.0	0	14	26	
22	648.0	396.0	0	14	129	
23	396.0	432.0	0	11	15	
24	432.0	468.0	0	15	29	
25	360.0	468.0	0	15	27	
26	396.0	504.0	0	15	16	
27	432.0	540.0	0	16	29	
28	360.0	540.0	0	16	28	
29	396.0	576.0	0	16	17	
30	396.0	648.0	0	17	134	
31	360.0	612.0	0	17	28	
32	648.0	468.0	0	18	129	
33	576.0	468.0	0	18	29	
34	468.0	576.0	0	19	29	
35	468.0	648.0	0	19	134	
36	576.0	549.0	0	20	29	
37	648.0	549.0	0	21	129	
38	612.0	549.0	0	20	21	
39	549.0	576.0	0	22	29	
40	549.0	612.0	0	22	23	
41	549.0	648.0	0	23	134	
42	360.0	324.0	0	24	25	
43	324.0	360.0	0	24	27	
44	648.0	324.0	0	26	128	
45	324.0	648.0	0	28	133	
46	648.0	513.0	0	30	129	
47	576.0	513.0	0	29	30	
48	513.0	576.0	0	29	31	
49	513.0	648.0	0	31	134	
50	1044.0	288.0	0	33	56	
51	1080.0	216.0	0	32	33	
52	972.0	288.0	0	34	57	
53	900.0	288.0	0	35	57	
54	828.0	288.0	0	36	58	
55	756.0	288.0	0	37	58	
56	1152.0	288.0	0	32	38	
57	1080.0	324.0	0	38	56	
58	1080.0	396.0	0	39	59	
59	1080.0	468.0	0	40	59	
60	1080.0	540.0	0	41	60	
61	1080.0	612.0	0	42	60	
62	972.0	360.0	0	43	57	
63	936.0	396.0	0	43	44	
64	1008.0	396.0	0	43	59	
65	900.0	360.0	0	44	57	
66	864.0	396.0	0	44	45	
67	900.0	432.0	0	44	61	
68	828.0	360.0	0	45	58	
69	792.0	396.0	0	45	46	
70	828.0	432.0	0	45	61	
71	756.0	360.0	0	46	58	
72	720.0	396.0	0	46	129	
73	972.0	432.0	0	43	47	
74	936.0	468.0	0	47	61	
75	1008.0	468.0	0	47	59	
76	972.0	504.0	0	47	48	
77	936.0	540.0	0	48	61	
78	1008.0	540.0	0	48	60	
79	972.0	576.0	0	48	49	
80	972.0	648.0	0	49	135	
81	1008.0	612.0	0	49	60	
82	720.0	468.0	0	50	129	
83	792.0	468.0	0	50	61	
84	900.0	576.0	0	51	61	
85	900.0	648.0	0	51	135	
86	792.0	549.0	0	52	61	
87	720.0	549.0	0	53	129	
88	756.0	549.0	0	52	53	
89	819.0	576.0	0	54	61	
90	819.0	612.0	0	54	55	
91	819.0	648.0	0	55	135	
92	1008.0	324.0	0	56	57	
93	1044.0	360.0	0	56	59	
94	720.0	324.0	0	58	128	
95	1044.0	648.0	0	60	136	
96	720.0	513.0	0	62	129	
97	792.0	513.0	0	61	62	
98	855.0	576.0	0	61	63	
99	855.0	648.0	0	63	135	
100	324.0	1080.0	0	65	88	
101	288.0	1152.0	0	64	65	
102	396.0	1080.0	0	66	89	
103	468.0	1080.0	0	67	89	
104	540.0	1080.0	0	68	90	
105	612.0	1080.0	0	69	90	
106	216.0	1080.0	0	64	70	
107	288.0	1044.0	0	70	88	
108	288.0	972.0	0	71	91	
109	288.0	900.0	0	72	91	
110	288.0	828.0	0	73	92	
111	288.0	756.0	0	74	92	
112	396.0	1008.0	0	75	89	
113	432.0	972.0	0	75	76	
114	360.0	972.0	0	75	91	
115	468.0	1008.0	0	76	89	
116	504.0	972.0	0	76	77	
117	468.0	936.0	0	76	93	
118	540.0	1008.0	0	77	90	
119	576.0	972.0	0	77	78	
120	540.0	936.0	0	77	93	
121	612.0	1008.0	0	78	90	
122	648.0	972.0	0	78	131	
123	396.0	936.0	0	75	79	
124	432.0	900.0	0	79	93	
125	360.0	900.0	0	79	91	
126	396.0	864.0	0	79	80	
127	432.0	828.0	0	80	93	
128	360.0	828.0	0	80	92	
129	396.0	792.0	0	80	81	
130	396.0	720.0	0	81	134	
131	360.0	756.0	0	81	92	
132	648.0	900.0	0	82	131	
133	576.0	900.0	0	82	93	
134	468.0	792.0	0	83	93	
135	468.0	720.0	0	83	134	
136	576.0	819.0	0	84	93	
137	648.0	819.0	0	85	131	
138	612.0	819.0	0	84	85	
139	549.0	792.0	0	86	93	
140	549.0	756.0	0	86	87	
141	549.0	720.0	0	87	134	
142	360.0	1044.0	0	88	89	
143	324.0	1008.0	0	88	91	
144	648.0	1044.0	0	90	132	
145	324.0	720.0	0	92	133	
146	648.0	855.0	0	94	131	
147	576.0	855.0	0	93	94	
148	513.0	792.0	0	93	95	
149	513.0	720.0	0	95	134	
150	1044.0	1080.0	0	97	120	
151	1080.0	1152.0	0	96	97	
152	972.0	1080.0	0	98	121	
153	900.0	1080.0	0	99	121	
154	828.0	1080.0	0	100	122	
155	756.0	1080.0	0	101	122	
156	1152.0	1080.0	0	96	102	
157	1080.0	1044.0	0	102	120	
158	1080.0	972.0	0	103	123	
159	1080.0	900.0	0	104	123	
160	1080.0	828.0	0	105	124	
161	1080.0	756.0	0	106	124	
162	972.0	1008.0	0	107	121	
163	936.0	972.0	0	107	108	
164	1008.0	972.0	0	107	123	
165	900.0	1008.0	0	108	121	
166	864.0	972.0	0	108	109	
167	900.0	936.0	0	108	125	
168	828.0	1008.0	0	109	122	
169	792.0	972.0	0	109	110	
170	828.0	936.0	0	109	125	
171	756.0	1008.0	0	110	122	
172	720.0	972.0	0	110	131	
173	972.0	936.0	0	107	111	
174	936.0	900.0	0	111	125	
175	1008.0	900.0	0	111	123	
176	972.0	864.0	0	111	112	
177	936.0	828.0	0	112	125	
178	1008.0	828.0	0	112	124	
179	972.0	792.0	0	112	113	
180	972.0	720.0	0	113	135	
181	1008.0	756.0	0	113	124	
182	720.0	900.0	0	114	131	
183	792.0	900.0	0	114	125	
184	900.0	792.0	0	115	125	
185	900.0	720.0	0	115	135	
186	792.0	819.0	0	116	125	
187	720.0	819.0	0	117	131	
188	756.0	819.0	0	116	117	
189	819.0	792.0	0	118	125	
190	819.0	756.0	0	118	119	
191	819.0	720.0	0	119	135	
192	1008.0	1044.0	0	120	121	
193	1044.0	1008.0	0	120	123	
194	720.0	1044.0	0	122	132	
195	1044.0	720.0	0	124	136	
196	720.0	855.0	0	126	131	
197	792.0	855.0	0	125	126	
198	855.0	792.0	0	125	127	
199	855.0	720.0	0	127	135	
200	684.0	288.0	0	128	137	
201	684.0	360.0	0	128	129	
202	684.0	576.0	0	129	130	
203	576.0	684.0	0	130	134	
204	684.0	792.0	0	130	131	
205	684.0	1008.0	0	131	132	
206	288.0	684.0	0	133	139	
207	360.0	684.0	0	133	134	
208	792.0	684.0	0	130	135	
209	1008.0	684.0	0	135	136	
210	684.0	144.0	0	137	
211	684.0	1080.0	0	132	138	
212	684.0	1224.0	0	138	
213	144.0	684.0	0	139	
214	1224.0	684.0	0	140	
215	1080.0	684.0	0	136	140	
216	324.0	288.0	1	142	165	
217	288.0	216.0	1	141	142	
218	396.0	288.0	1	143	166	
219	468.0	288.0	1	144	166	
220	540.0	288.0	1	145	167	
221	612.0	288.0	1	146	167	
222	216.0	288.0	1	141	147	
223	288.0	324.0	1	147	165	
224	288.0	396.0	1	148	168	
225	288.0	468.0	1	149	168	
226	288.0	540.0	1	150	169	
227	288.0	612.0	1	151	169	
228	396.0	360.0	1	152	166	
229	432.0	396.0	1	152	153	
230	360.0	396.0	1	152	168	
231	468.0	360.0	1	153	166	
232	504.0	396.0	1	153	154	
233	468.0	432.0	1	153	170	
234	540.0	360.0	1	154	167	
235	576.0	396.0	1	154	155	
236	540.0	432.0	1	154	170	
237	612.0	360.0	1	155	167	
238	648.0	396.0	1	155	270	
239	396.0	432.0	1	152	156	
240	432.0	468.0	1	156	170	
241	360.0	468.0	1	156	168	
242	396.0	504.0	1	156	157	
243	432.0	540.0	1	157	170	
244	360.0	540.0	1	157	169	
245	396.0	576.0	1	157	158	
246	396.0	648.0	1	158	275	
247	360.0	612.0	1	158	169	
248	648.0	468.0	1	159	270	
249	576.0	468.0	1	159	170	
250	468.0	576.0	1	160	170	
251	468.0	648.0	1	160	275	
252	576.0	549.0	1	161	170	
253	648.0	549.0	1	162	270	
254	612.0	549.0	1	161	162	
255	549.0	576.0	1	163	170	
256	549.0	612.0	1	163	164	
257	549.0	648.0	1	164	275	
258	360.0	324.0	1	165	166	
259	324.0	360.0	1	165	168	
260	648.0	324.0	1	167	269	
261	324.0	648.0	1	169	274	
262	648.0	513.0	1	171	270	
263	576.0	513.0	1	170	171	
264	513.0	576.0	1	170	172	
265	513.0	648.0	1	172	275	
266	1044.0	288.0	1	174	197	
267	1080.0	216.0	1	173	174	
268	972.0	288.0	1	175	198	
269	900.0	288.0	1	176	198	
270	828.0	288.0	1	177	199	
271	756.0	288.0	1	178	199	
272	1152.0	288.0	1	173	179	
273	1080.0	324.0	1	179	197	
274	1080.0	396.0	1	180	200	
275	1080.0	468.0	1	181	200	
276	1080.0	540.0	1	182	201	
277	1080.0	612.0	1	183	201	
278	972.0	360.0	1	184	198	
279	936.0	396.0	1	184	185	
280	1008.0	396.0	1	184	200	
281	900.0	360.0	1	185	198	
282	864.0	396.0	1	185	186	
283	900.0	432.0	1	185	202	
284	828.0	360.0	1	186	199	
285	792.0	396.0	1	186	187	
286	828.0	432.0	1	186	202	
287	756.0	360.0	1	187	199	
288	720.0	396.0	1	187	270	
289	972.0	432.0	1	184	188	
290	936.0	468.0	1	188	202	
291	1008.0	468.0	1	188	200	
292	972.0	504.0	1	188	189	
293	936.0	540.0	1	189	202	
294	1008.0	540.0	1	189	201	
295	972.0	576.0	1	189	190	
296	972.0	648.0	1	190	276	
297	1008.0	612.0	1	190	201	
298	720.0	468.0	1	191	270	
299	792.0	468.0	1	191	202	
300	900.0	576.0	1	192	202	
301	900.0	648.0	1	192	276	
302	792.0	549.0	1	193	202	
303	720.0	549.0	1	194	270	
304	756.0	549.0	1	193	194	
305	819.0	576.0	1	195	202	
306	819.0	612.0	1	195	196	
307	819.0	648.0	1	196	276	
308	1008.0	324.0	1	197	198	
309	1044.0	360.0	1	197	200	
310	720.0	324.0	1	199	269	
311	1044.0	648.0	1	201	277	
312	720.0	513.0	1	203	270	
313	792.0	513.0	1	202	203	
314	855.0	576.0	1	202	204	
315	855.0	648.0	1	204	276	
316	324.0	1080.0	1	206	229	
317	288.0	1152.0	1	205	206	
318	396.0	1080.0	1	207	230	
319	468.0	1080.0	1	208	230	
320	540.0	1080.0	1	209	231	
321	612.0	1080.0	1	210	231	
322	216.0	1080.0	1	205	211	
323	288.0	1044.0	1	211	229	
324	288.0	972.0	1	212	232	
325	288.0	900.0	1	213	232	
326	288.0	828.0	1	214	233	
327	288.0	756.0	1	215	233	
328	396.0	1008.0	1	216	230	
329	432.0	972.0	1	216	217	
330	360.0	972.0	1	216	232	
331	468.0	1008.0	1	217	230	
332	504.0	972.0	1	217	218	
333	468.0	936.0	1	217	234	
334	540.0	1008.0	1	218	231	
335	576.0	972.0	1	218	219	
336	540.0	936.0	1	218	234	
337	612.0	1008.0	1	219	231	
338	648.0	972.0	1	219	272	
339	396.0	936.0	1	216	220	
340	432.0	900.0	1	220	234	
341	360.0	900.0	1	220	232	
342	396.0	864.0	1	220	221	
343	432.0	828.0	1	221	234	
344	360.0	828.0	1	221	233	
345	396.0	792.0	1	221	222	
346	396.0	720.0	1	222	275	
347	360.0	756.0	1	222	233	
348	648.0	900.0	1	223	272	
349	576.0	900.0	1	223	234	
350	468.0	792.0	1	224	234	
351	468.0	720.0	1	224	275	
352	576.0	819.0	1	225	234	
353	648.0	819.0	1	226	272	
354	612.0	819.0	1	225	226	
355	549.0	792.0	1	227	234	
356	549.0	756.0	1	227	228	
357	549.0	720.0	1	228	275	
358	360.0	1044.0	1	229	230	
359	324.0	1008.0	1	229	232	
360	648.0	1044.0	1	231	273	
361	324.0	720.0	1	233	274	
362	648.0	855.0	1	235	272	
363	576.0	855.0	1	234	235	
364	513.0	792.0	1	234	236	
365	513.0	720.0	1	236	275	
366	1044.0	1080.0	1	238	261	
367	1080.0	1152.0	1	237	238	
368	972.0	1080.0	1	239	262	
369	900.0	1080.0	1	240	262	
370	828.0	1080.0	1	241	263	
371	756.0	1080.0	1	242	263	
372	1152.0	1080.0	1	237	243	
373	1080.0	1044.0	1	243	261	
374	1080.0	972.0	1	244	264	
375	1080.0	900.0	1	245	264	
376	1080.0	828.0	1	246	265	
377	1080.0	756.0	1	247	265	
378	972.0	1008.0	1	248	262	
379	936.0	972.0	1	248	249	
380	1008.0	972.0	1	248	264	
381	900.0	1008.0	1	249	262	
382	864.0	972.0	1	249	250	
383	900.0	936.0	1	249	266	
384	828.0	1008.0	1	250	263	
385	792.0	972.0	1	250	251	
386	828.0	936.0	1	250	266	
387	756.0	1008.0	1	251	263	
388	720.0	972.0	1	251	272	
389	972.0	936.0	1	248	252	
390	936.0	900.0	1	252	266	
391	1008.0	900.0	1	252	264	
392	972.0	864.0	1	252	253	
393	936.0	828.0	1	253	266	
394	1008.0	828.0	1	253	265	
395	972.0	792.0	1	253	254	
396	972.0	720.0	1	254	276	
397	1008.0	756.0	1	254	265	
398	720.0	900.0	1	255	272	
399	792.0	900.0	1	255	266	
400	900.0	792.0	1	256	266	
401	900.0	720.0	1	256	276	
402	792.0	819.0	1	257	266	
403	720.0	819.0	1	258	272	
404	756.0	819.0	1	257	258	
405	819.0	792.0	1	259	266	
406	819.0	756.0	1	259	260	
407	819.0	720.0	1	260	276	
408	1008.0	1044.0	1	261	262	
409	1044.0	1008.0	1	261	264	
410	720.0	1044.0	1	263	273	
411	1044.0	720.0	1	265	277	
412	720.0	855.0	1	267	272	
413	792.0	855.0	1	266	267	
414	855.0	792.0	1	266	268	
415	855.0	720.0	1	268	276	
416	684.0	288.0	1	269	278	
417	684.0	360.0	1	269	270	
418	684.0	576.0	1	270	271	
419	576.0	684.0	1	271	275	
420	684.0	792.0	1	271	272	
421	684.0	1008.0	1	272	273	
422	288.0	684.0	1	274	280	
423	360.0	684.0	1	274	275	
424	792.0	684.0	1	271	276	
425	1008.0	684.0	1	276	277	
426	684.0	144.0	1	278	137	
427	684.0	1080.0	1	273	279	
428	684.0	1224.0	1	279	138	
429	144.0	684.0	1	280	139	
430	1224.0	684.0	1	281	140	
431	1080.0	684.0	1	277	281	
432	324.0	288.0	2	283	306	
433	288.0	216.0	2	282	283	
434	396.0	288.0	2	284	307	
435	468.0	288.0	2	285	307	
436	540.0	288.0	2	286	308	
437	612.0	288.0	2	287	308	
438	216.0	288.0	2	282	288	
439	288.0	324.0	2	288	306	
440	288.0	396.0	2	289	309	
441	288.0	468.0	2	290	309	
442	288.0	540.0	2	291	310	
443	288.0	612.0	2	292	310	
444	396.0	360.0	2	293	307	
445	432.0	396.0	2	293	294	
446	360.0	396.0	2	293	309	
447	468.0	360.0	2	294	307	
448	504.0	396.0	2	294	295	
449	468.0	432.0	2	294	311	
450	540.0	360.0	2	295	308	
451	576.0	396.0	2	295	296	
452	540.0	432.0	2	295	311	
453	612.0	360.0	2	296	308	
454	648.0	396.0	2	296	411	
455	396.0	432.0	2	293	297	
456	432.0	468.0	2	297	311	
457	360.0	468.0	2	297	309	
458	396.0	504.0	2	297	298	
459	432.0	540.0	2	298	311	
460	360.0	540.0	2	298	310	
461	396.0	576.0	2	298	299	
462	396.0	648.0	2	299	416	
463	360.0	612.0	2	299	310	
464	648.0	468.0	2	300	411	
465	576.0	468.0	2	300	311	
466	468.0	576.0	2	301	311	
467	468.0	648.0	2	301	416	
468	576.0	549.0	2	302	311	
469	648.0	549.0	2	303	411	
470	612.0	549.0	2	302	303	
471	549.0	576.0	2	304	311	
472	549.0	612.0	2	304	305	
473	549.0	648.0	2	305	416	
474	360.0	324.0	2	306	307	
475	324.0	360.0	2	306	309	
476	648.0	324.0	2	308	410	
477	324.0	648.0	2	310	415	
478	648.0	513.0	2	312	411	
479	576.0	513.0	2	311	312	
480	513.0	576.0	2	311	313	
481	513.0	648.0	2	313	416	
482	1044.0	288.0	2	315	338	
483	1080.0	216.0	2	314	315	
484	972.0	288.0	2	316	339	
485	900.0	288.0	2	317	339	
486	828.0	288.0	2	318	340	
487	756.0	288.0	2	319	340	
488	1152.0	288.0	2	314	320	
489	1080.0	324.0	2	320	338	
490	1080.0	396.0	2	321	341	
491	1080.0	468.0	2	322	341	
492	1080.0	540.0	2	323	342	
493	1080.0	612.0	2	324	342	
494	972.0	360.0	2	325	339	
495	936.0	396.0	2	325	326	
496	1008.0	396.0	2	325	341	
497	900.0	360.0	2	326	339	
498	864.0	396.0	2	326	327	
499	900.0	432.0	2	326	343	
500	828.0	360.0	2	327	340	
501	792.0	396.0	2	327	328	
502	828.0	432.0	2	327	343	
503	756.0	360.0	2	328	340	
504	720.0	396.0	2	328	411	
505	972.0	432.0	2	325	329	
506	936.0	468.0	2	329	343	
507	1008.0	468.0	2	329	341	
508	972.0	504.0	2	329	330	
509	936.0	540.0	2	330	343	
510	1008.0	540.0	2	330	342	
511	972.0	576.0	2	330	331	
512	972.0	648.0	2	331	417	
513	1008.0	612.0	2	331	342	
514	720.0	468.0	2	332	411	
515	792.0	468.0	2	332	343	
516	900.0	576.0	2	333	343	
517	900.0	648.0	2	333	417	
518	792.0	549.0	2	334	343	
519	720.0	549.0	2	335	411	
520	756.0	549.0	2	334	335	
521	819.0	576.0	2	336	343	
522	819.0	612.0	2	336	337	
523	819.0	648.0	2	337	417	
524	1008.0	324.0	2	338	339	
525	1044.0	360.0	2	338	341	
526	720.0	324.0	2	340	410	
527	1044.0	648.0	2	342	418	
528	720.0	513.0	2	344	411	
529	792.0	513.0	2	343	344	
530	855.0	576.0	2	343	345	
531	855.0	648.0	2	345	417	
532	324.0	1080.0	2	347	370	
533	288.0	1152.0	2	346	347	
534	396.0	1080.0	2	348	371	
535	468.0	1080.0	2	349	371	
536	540.0	1080.0	2	350	372	
537	612.0	1080.0	2	351	372	
538	216.0	1080.0	2	346	352	
539	288.0	1044.0	2	352	370	
540	288.0	972.0	2	353	373	
541	288.0	900.0	2	354	373	
542	288.0	828.0	2	355	374	
543	288.0	756.0	2	356	374	
544	396.0	1008.0	2	357	371	
545	432.0	972.0	2	357	358	
546	360.0	972.0	2	357	373	
547	468.0	1008.0	2	358	371	
548	504.0	972.0	2	358	359	
549	468.0	936.0	2	358	375	
550	540.0	1008.0	2	359	372	
551	576.0	972.0	2	359	360	
552	540.0	936.0	2	359	375	
553	612.0	1008.0	2	360	372	
554	648.0	972.0	2	360	413	
555	396.0	936.0	2	357	361	
556	432.0	900.0	2	361	375	
557	360.0	900.0	2	361	373	
558	396.0	864.0	2	361	362	
559	432.0	828.0	2	362	375	
560	360.0	828.0	2	362	374	
561	396.0	792.0	2	362	363	
562	396.0	720.0	2	363	416	
563	360.0	756.0	2	363	374	
564	648.0	900.0	2	364	413	
565	576.0	900.0	2	364	375	
566	468.0	792.0	2	365	375	
567	468.0	720.0	2	365	416	
568	576.0	819.0	2	366	375	
569	648.0	819.0	2	367	413	
570	612.0	819.0	2	366	367	
571	549.0	792.0	2	368	375	
572	549.0	756.0	2	368	369	
573	549.0	720.0	2	369	416	
574	360.0	1044.0	2	370	371	
575	324.0	1008.0	2	370	373	
576	648.0	1044.0	2	372	414	
577	324.0	720.0	2	374	415	
578	648.0	855.0	2	376	413	
579	576.0	855.0	2	375	376	
580	513.0	792.0	2	375	377	
581	513.0	720.0	2	377	416	
582	1044.0	1080.0	2	379	402	
583	1080.0	1152.0	2	378	379	
584	972.0	1080.0	2	380	403	
585	900.0	1080.0	2	381	403	
586	828.0	1080.0	2	382	404	
587	756.0	1080.0	2	383	404	
588	1152.0	1080.0	2	378	384	
589	1080.0	1044.0	2	384	402	
590	1080.0	972.0	2	385	405	
591	1080.0	900.0	2	386	405	
592	1080.0	828.0	2	387	406	
593	1080.0	756.0	2	388	406	
594	972.0	1008.0	2	389	403	
595	936.0	972.0	2	389	390	
596	1008.0	972.0	2	389	405	
597	900.0	1008.0	2	390	403	
598	864.0	972.0	2	390	391	
599	900.0	936.0	2	390	407	
600	828.0	1008.0	2	391	404	
601	792.0	972.0	2	391	392	
602	828.0	936.0	2	391	407	
603	756.0	1008.0	2	392	404	
604	720.0	972.0	2	392	413	
605	972.0	936.0	2	389	393	
606	936.0	900.0	2	393	407	
607	1008.0	900.0	2	393	405	
608	972.0	864.0	2	393	394	
609	936.0	828.0	2	394	407	
610	1008.0	828.0	2	394	406	
611	972.0	792.0	2	394	395	
612	972.0	720.0	2	395	417	
613	1008.0	756.0	2	395	406	
614	720.0	900.0	2	396	413	
615	792.0	900.0	2	396	407	
616	900.0	792.0	2	397	407	
617	900.0	720.0	2	397	417	
618	792.0	819.0	2	398	407	
619	720.0	819.0	2	399	413	
620	756.0	819.0	2	398	399	
621	819.0	792.0	2	400	407	
622	819.0	756.0	2	400	401	
623	819.0	720.0	2	401	417	
624	1008.0	1044.0	2	402	403	
625	1044.0	1008.0	2	402	405	
626	720.0	1044.0	2	404	414	
627	1044.0	720.0	2	406	418	
628	720.0	855.0	2	408	413	
629	792.0	855.0	2	407	408	
630	855.0	792.0	2	407	409	
631	855.0	720.0	2	409	417	
632	684.0	288.0	2	410	419	
633	684.0	360.0	2	410	411	
634	684.0	576.0	2	411	412	
635	576.0	684.0	2	412	416	
636	684.0	792.0	2	412	413	
637	684.0	1008.0	2	413	414	
638	288.0	684.0	2	415	421	
639	360.0	684.0	2	415	416	
640	792.0	684.0	2	412	417	
641	1008.0	684.0	2	417	418	
642	684.0	144.0	2	419	278	
643	684.0	1080.0	2	414	420	
644	684.0	1224.0	2	420	279	
645	144.0	684.0	2	421	280	
646	1224.0	684.0	2	422	281	
647	1080.0	684.0	2	418	422	
648	324.0	288.0	3	424	447	
649	288.0	216.0	3	423	424	
650	396.0	288.0	3	425	448	
651	468.0	288.0	3	426	448	
652	540.0	288.0	3	427	449	
653	612.0	288.0	3	428	449	
654	216.0	288.0	3	423	429	
655	288.0	324.0	3	429	447	
656	288.0	396.0	3	430	450	
657	288.0	468.0	3	431	450	
658	288.0	540.0	3	432	451	
659	288.0	612.0	3	433	451	
660	396.0	360.0	3	434	448	
661	432.0	396.0	3	434	435	
662	360.0	396.0	3	434	450	
663	468.0	360.0	3	435	448	
664	504.0	396.0	3	435	436	
665	468.0	432.0	3	435	452	
666	540.0	360.0	3	436	449	
667	576.0	396.0	3	436	437	
668	540.0	432.0	3	436	452	
669	612.0	360.0	3	437	449	
670	648.0	396.0	3	437	552	
671	396.0	432.0	3	434	438	
672	432.0	468.0	3	438	452	
673	360.0	468.0	3	438	450	
674	396.0	504.0	3	438	439	
675	432.0	540.0	3	439	452	
676	360.0	540.0	3	439	451	
677	396.0	576.0	3	439	440	
678	396.0	648.0	3	440	557	
679	360.0	612.0	3	440	451	
680	648.0	468.0	3	441	552	
681	576.0	468.0	3	441	452	
682	468.0	576.0	3	442	452	
683	468.0	648.0	3	442	557	
684	576.0	549.0	3	443	452	
685	648.0	549.0	3	444	552	
686	612.0	549.0	3	443	444	
687	549.0	576.0	3	445	452	
688	549.0	612.0	3	445	446	
689	549.0	648.0	3	446	557	
690	360.0	324.0	3	447	448	
691	324.0	360.0	3	447	450	
692	648.0	324.0	3	449	551	
693	324.0	648.0	3	451	556	
694	648.0	513.0	3	453	552	
695	576.0	513.0	3	452	453	
696	513.0	576.0	3	452	454	
697	513.0	648.0	3	454	557	
698	1044.0	288.0	3	456	479	
699	1080.0	216.0	3	455	456	
700	972.0	288.0	3	457	480	
701	900.0	288.0	3	458	480	
702	828.0	288.0	3	459	481	
703	756.0	288.0	3	460	481	
704	1152.0	288.0	3	455	461	
705	1080.0	324.0	3	461	479	
706	1080.0	396.0	3	462	482	
707	1080.0	468.0	3	463	482	
708	1080.0	540.0	3	464	483	
709	1080.0	612.0	3	465	483	
710	972.0	360.0	3	466	480	
711	936.0	396.0	3	466	467	
712	1008.0	396.0	3	466	482	
713	900.0	360.0	3	467	480	
714	864.0	396.0	3	467	468	
715	900.0	432.0	3	467	484	
716	828.0	360.0	3	468	481	
717	792.0	396.0	3	468	469	
718	828.0	432.0	3	468	484	
719	756.0	360.0	3	469	481	
720	720.0	396.0	3	469	552	
721	972.0	432.0	3	466	470	
722	936.0	468.0	3	470	484	
723	1008.0	468.0	3	470	482	
724	972.0	504.0	3	470	471	
725	936.0	540.0	3	471	484	
726	1008.0	540.0	3	471	483	
727	972.0	576.0	3	471	472	
728	972.0	648.0	3	472	558	
729	1008.0	612.0	3	472	483	
730	720.0	468.0	3	473	552	
731	792.0	468.0	3	473	484	
732	900.0	576.0	3	474	484	
733	900.0	648.0	3	474	558	
734	792.0	549.0	3	475	484	
735	720.0	549.0	3	476	552	
736	756.0	549.0	3	475	476	
737	819.0	576.0	3	477	484	
738	819.0	612.0	3	477	478	
739	819.0	648.0	3	478	558	
740	1008.0	324.0	3	479	480	
741	1044.0	360.0	3	479	482	
742	720.0	324.0	3	481	551	
743	1044.0	648.0	3	483	559	
744	720.0	513.0	3	485	552	
745	792.0	513.0	3	484	485	
746	855.0	576.0	3	484	486	
747	855.0	648.0	3	486	558	
748	324.0	1080.0	3	488	511	
749	288.0	1152.0	3	487	488	
750	396.0	1080.0	3	489	512	
751	468.0	1080.0	3	490	512	
752	540.0	1080.0	3	491	513	
753	612.0	1080.0	3	492	513	
754	216.0	1080.0	3	487	493	
755	288.0	1044.0	3	493	511	
756	288.0	972.0	3	494	514	
757	288.0	900.0	3	495	514	
758	288.0	828.0	3	496	515	
759	288.0	756.0	3	497	515	
760	396.0	1008.0	3	498	512	
761	432.0	972.0	3	498	499	
762	360.0	972.0	3	498	514	
763	468.0	1008.0	3	499	512	
764	504.0	972.0	3	499	500	
765	468.0	936.0	3	499	516	
766	540.0	1008.0	3	500	513	
767	576.0	972.0	3	500	501	
768	540.0	936.0	3	500	516	
769	612.0	1008.0	3	501	513	
770	648.0	972.0	3	501	554	
771	396.0	936.0	3	498	502	
772	432.0	900.0	3	502	516	
773	360.0	900.0	3	502	514	
774	396.0	864.0	3	502	503	
775	432.0	828.0	3	503	516	
776	360.0	828.0	3	503	515	
777	396.0	792.0	3	503	504	
778	396.0	720.0	3	504	557	
779	360.0	756.0	3	504	515	
780	648.0	900.0	3	505	554	
781	576.0	900.0	3	505	516	
782	468.0	792.0	3	506	516	
783	468.0	720.0	3	506	557	
784	576.0	819.0	3	507	516	
785	648.0	819.0	3	508	554	
786	612.0	819.0	3	507	508	
787	549.0	792.0	3	509	516	
788	549.0	756.0	3	509	510	
789	549.0	720.0	3	510	557	
790	360.0	1044.0	3	511	512	
791	324.0	1008.0	3	511	514	
792	648.0	1044.0	3	513	555	
793	324.0	720.0	3	515	556	
794	648.0	855.0	3	517	554	
795	576.0	855.0	3	516	517	
796	513.0	792.0	3	516	518	
797	513.0	720.0	3	518	557	
798	1044.0	1080.0	3	520	543	
799	1080.0	1152.0	3	519	520	
800	972.0	1080.0	3	521	544	
801	900.0	1080.0	3	522	544	
802	828.0	1080.0	3	523	545	
803	756.0	1080.0	3	524	545	
804	1152.0	1080.0	3	519	525	
805	1080.0	1044.0	3	525	543	
806	1080.0	972.0	3	526	546	
807	1080.0	900.0	3	527	546	
808	1080.0	828.0	3	528	547	
809	1080.0	756.0	3	529	547	
810	972.0	1008.0	3	530	544	
811	936.0	972.0	3	530	531	
812	1008.0	972.0	3	530	546	
813	900.0	1008.0	3	531	544	
814	864.0	972.0	3	531	532	
815	900.0	936.0	3	531	548	
816	828.0	1008.0	3	532	545	
817	792.0	972.0	3	532	533	
818	828.0	936.0	3	532	548	
819	756.0	1008.0	3	533	545	
820	720.0	972.0	3	533	554	
821	972.0	936.0	3	530	534	
822	936.0	900.0	3	534	548	
823	1008.0	900.0	3	534	546	
824	972.0	864.0	3	534	535	
825	936.0	828.0	3	535	548	
826	1008.0	828.0	3	535	547	
827	972.0	792.0	3	535	536	
828	972.0	720.0	3	536	558	
829	1008.0	756.0	3	536	547	
830	720.0	900.0	3	537	554	
831	792.0	900.0	3	537	548	
832	900.0	792.0	3	538	548	
833	900.0	720.0	3	538	558	
834	792.0	819.0	3	539	548	
835	720.0	819.0	3	540	554	
836	756.0	819.0	3	539	540	
837	819.0	792.0	3	541	548	
838	819.0	756.0	3	541	542	
839	819.0	720.0	3	542	558	
840	1008.0	1044.0	3	543	544	
841	1044.0	1008.0	3	543	546	
842	720.0	1044.0	3	545	555	
843	1044.0	720.0	3	547	559	
844	720.0	855.0	3	549	554	
845	792.0	855.0	3	548	549	
846	855.0	792.0	3	548	550	
847	855.0	720.0	3	550	558	
848	684.0	288.0	3	551	560	
849	684.0	360.0	3	551	552	
850	684.0	576.0	3	552	553	
851	576.0	684.0	3	553	557	
852	684.0	792.0	3	553	554	
853	684.0	1008.0	3	554	555	
854	288.0	684.0	3	556	562	
855	360.0	684.0	3	556	557	
856	792.0	684.0	3	553	558	
857	1008.0	684.0	3	558	559	
858	684.0	144.0	3	560	419	
859	684.0	1080.0	3	555	561	
860	684.0	1224.0	3	561	420	
861	144.0	684.0	3	562	421	
862	1224.0	684.0	3	563	422	
863	1080.0	684.0	3	559	563	
864	324.0	288.0	4	565	588	
865	288.0	216.0	4	564	565	
866	396.0	288.0	4	566	589	
867	468.0	288.0	4	567	589	
868	540.0	288.0	4	568	590	
869	612.0	288.0	4	569	590	
870	216.0	288.0	4	564	570	
871	288.0	324.0	4	570	588	
872	288.0	396.0	4	571	591	
873	288.0	468.0	4	572	591	
874	288.0	540.0	4	573	592	
875	288.0	612.0	4	574	592	
876	396.0	360.0	4	575	589	
877	432.0	396.0	4	575	576	
878	360.0	396.0	4	575	591	
879	468.0	360.0	4	576	589	
880	504.0	396.0	4	576	577	
881	468.0	432.0	4	576	593	
882	540.0	360.0	4	577	590	
883	576.0	396.0	4	577	578	
884	540.0	432.0	4	577	593	
885	612.0	360.0	4	578	590	
886	648.0	396.0	4	578	693	
887	396.0	432.0	4	575	579	
888	432.0	468.0	4	579	593	
889	360.0	468.0	4	579	591	
890	396.0	504.0	4	579	580	
891	432.0	540.0	4	580	593	
892	360.0	540.0	4	580	592	
893	396.0	576.0	4	580	581	
894	396.0	648.0	4	581	698	
895	360.0	612.0	4	581	592	
896	648.0	468.0	4	582	693	
897	576.0	468.0	4	582	593	
898	468.0	576.0	4	583	593	
899	468.0	648.0	4	583	698	
900	576.0	549.0	4	584	593	
901	648.0	549.0	4	585	693	
902	612.0	549.0	4	584	585	
903	549.0	576.0	4	586	593	
904	549.0	612.0	4	586	587	
905	549.0	648.0	4	587	698	
906	360.0	324.0	4	588	589	
907	324.0	360.0	4	588	591	
908	648.0	324.0	4	590	692	
909	324.0	648.0	4	592	697	
910	648.0	513.0	4	594	693	
911	576.0	513.0	4	593	594	
912	513.0	576.0	4	593	595	
913	513.0	648.0	4	595	698	
914	1044.0	288.0	4	597	620	
915	1080.0	216.0	4	596	597	
916	972.0	288.0	4	598	621	
917	900.0	288.0	4	599	621	
918	828.0	288.0	4	600	622	
919	756.0	288.0	4	601	622	
920	1152.0	288.0	4	596	602	
921	1080.0	324.0	4	602	620	
922	1080.0	396.0	4	603	623	
923	1080.0	468.0	4	604	623	
924	1080.0	540.0	4	605	624	
925	1080.0	612.0	4	606	624	
926	972.0	360.0	4	607	621	
927	936.0	396.0	4	607	608	
928	1008.0	396.0	4	607	623	
929	900.0	360.0	4	608	621	
930	864.0	396.0	4	608	609	
931	900.0	432.0	4	608	625	
932	828.0	360.0	4	609	622	
933	792.0	396.0	4	609	610	
934	828.0	432.0	4	609	625	
935	756.0	360.0	4	610	622	
936	720.0	396.0	4	610	693	
937	972.0	432.0	4	607	611	
938	936.0	468.0	4	611	625	
939	1008.0	468.0	4	611	623	
940	972.0	504.0	4	611	612	
941	936.0	540.0	4	612	625	
942	1008.0	540.0	4	612	624	
943	972.0	576.0	4	612	613	
944	972.0	648.0	4	613	699	
945	1008.0	612.0	4	613	624	
946	720.0	468.0	4	614	693	
947	792.0	468.0	4	614	625	
948	900.0	576.0	4	615	625	
949	900.0	648.0	4	615	699	
950	792.0	549.0	4	616	625	
951	720.0	549.0	4	617	693	
952	756.0	549.0	4	616	617	
953	819.0	576.0	4	618	625	
954	819.0	612.0	4	618	619	
955	819.0	648.0	4	619	699	
956	1008.0	324.0	4	620	621	
957	1044.0	360.0	4	620	623	
958	720.0	324.0	4	622	692	
959	1044.0	648.0	4	624	700	
960	720.0	513.0	4	626	693	
961	792.0	513.0	4	625	626	
962	855.0	576.0	4	625	627	
963	855.0	648.0	4	627	699	
964	324.0	1080.0	4	629	652	
965	288.0	1152.0	4	628	629	
966	396.0	1080.0	4	630	653	
967	468.0	1080.0	4	631	653	
968	540.0	1080.0	4	632	654	
969	612.0	1080.0	4	633	654	
970	216.0	1080.0	4	628	634	
971	288.0	1044.0	4	634	652	
972	288.0	972.0	4	635	655	
973	288.0	900.0	4	636	655	
974	288.0	828.0	4	637	656	
975	288.0	756.0	4	638	656	
976	396.0	1008.0	4	639	653	
977	432.0	972.0	4	639	640	
978	360.0	972.0	4	639	655	
979	468.0	1008.0	4	640	653	
980	504.0	972.0	4	640	641	
981	468.0	936.0	4	640	657	
982	540.0	1008.0	4	641	654	
983	576.0	972.0	4	641	642	
984	540.0	936.0	4	641	657	
985	612.0	1008.0	4	642	654	
986	648.0	972.0	4	642	695	
987	396.0	936.0	4	639	643	
988	432.0	900.0	4	643	657	
989	360.0	900.0	4	643	655	
990	396.0	864.0	4	643	644	
991	432.0	828.0	4	644	657	
992	360.0	828.0	4	644	656	
993	396.0	792.0	4	644	645	
994	396.0	720.0	4	645	698	
995	360.0	756.0	4	645	656	
996	648.0	900.0	4	646	695	
997	576.0	900.0	4	646	657	
998	468.0	792.0	4	647	657	
999	468.0	720.0	4	647	698	
1000	576.0	819.0	4	648	657	
1001	648.0	819.0	4	649	695	
1002	612.0	819.0	4	648	649	
1003	549.0	792.0	4	650	657	
1004	549.0	756.0	4	650	651	
1005	549.0	720.0	4	651	698	
1006	360.0	1044.0	4	652	653	
1007	324.0	1008.0	4	652	655	
1008	648.0	1044.0	4	654	696	
1009	324.0	720.0	4	656	697	
1010	648.0	855.0	4	658	695	
1011	576.0	855.0	4	657	658	
1012	513.0	792.0	4	657	659	
1013	513.0	720.0	4	659	698	
1014	1044.0	1080.0	4	661	684	
1015	1080.0	1152.0	4	660	661	
1016	972.0	1080.0	4	662	685	
1017	900.0	1080.0	4	663	685	
1018	828.0	1080.0	4	664	686	
1019	756.0	1080.0	4	665	686	
1020	1152.0	1080.0	4	660	666	
1021	1080.0	1044.0	4	666	684	
1022	1080.0	972.0	4	667	687	
1023	1080.0	900.0	4	668	687	
1024	1080.0	828.0	4	669	688	
1025	1080.0	756.0	4	670	688	
1026	972.0	1008.0	4	671	685	
1027	936.0	972.0	4	671	672	
1028	1008.0	972.0	4	671	687	
1029	900.0	1008.0	4	672	685	
1030	864.0	972.0	4	672	673	
1031	900.0	936.0	4	672	689	
1032	828.0	1008.0	4	673	686	
1033	792.0	972.0	4	673	674	
1034	828.0	936.0	4	673	689	
1035	756.0	1008.0	4	674	686	
1036	720.0	972.0	4	674	695	
1037	972.0	936.0	4	671	675	
1038	936.0	900.0	4	675	689	
1039	1008.0	900.0	4	675	687	
1040	972.0	864.0	4	675	676	
1041	936.0	828.0	4	676	689	
1042	1008.0	828.0	4	676	688	
1043	972.0	792.0	4	676	677	
1044	972.0	720.0	4	677	699	
1045	1008.0	756.0	4	677	688	
1046	720.0	900.0	4	678	695	
1047	792.0	900.0	4	678	689	
1048	900.0	792.0	4	679	689	
1049	900.0	720.0	4	679	699	
1050	792.0	819.0	4	680	689	
1051	720.0	819.0	4	681	695	
1052	756.0	819.0	4	680	681	
1053	819.0	792.0	4	682	689	
1054	819.0	756.0	4	682	683	
1055	819.0	720.0	4	683	699	
1056	1008.0	1044.0	4	684	685	
1057	1044.0	1008.0	4	684	687	
1058	720.0	1044.0	4	686	696	
1059	1044.0	720.0	4	688	700	
1060	720.0	855.0	4	690	695	
1061	792.0	855.0	4	689	690	
1062	855.0	792.0	4	689	691	
1063	855.0	720.0	4	691	699	
1064	684.0	288.0	4	692	701	
1065	684.0	360.0	4	692	693	
1066	684.0	576.0	4	693	694	
1067	576.0	684.0	4	694	698	
1068	684.0	792.0	4	694	695	
1069	684.0	1008.0	4	695	696	
1070	288.0	684.0	4	697	703	
1071	360.0	684.0	4	697	698	
1072	792.0	684.0	4	694	699	
1073	1008.0	684.0	4	699	700	
1074	684.0	144.0	4	701	560	
1075	684.0	1080.0	4	696	702	
1076	684.0	1224.0	4	702	561	
1077	144.0	684.0	4	703	562	
1078	1224.0	684.0	4	704	563	
1079	1080.0	684.0	4	700	704	
1080	684.0	144.0	1	137	278	
1081	684.0	144.0	2	137	419	
1082	684.0	144.0	3	137	560	
1083	684.0	144.0	4	137	701	
1084	684.0	1224.0	1	138	279	
1085	684.0	1224.0	2	138	420	
1086	684.0	1224.0	3	138	561	
1087	684.0	1224.0	4	138	702	
1088	684.0	144.0	2	278	419	
1089	684.0	144.0	3	278	560	
1090	684.0	144.0	4	278	701	
1091	684.0	1224.0	2	279	420	
1092	684.0	1224.0	3	279	561	
1093	684.0	1224.0	4	279	702	
1094	684.0	144.0	3	419	560	
1095	684.0	144.0	4	419	701	
1096	684.0	1224.0	3	420	561	
1097	684.0	1224.0	4	420	702	
1098	684.0	144.0	4	560	701	
1099	684.0	1224.0	4	561	702	
