Query #1.1 12833765449 82176
(1327.0,175.0,4), (492.0,1062.0,0) [3192, 3166, -78, -47], timeMax=5000.0, threshold=1.0, k=7
582, 535, 583, 109,  SC:10.0 wTime:161.0 rel:2.2 totalCost:0.35 2567.8819915821414	-1	920	921	956	929	930	933	936	896	897	898	899	1013	1012	984	983	985	1008	1075	1087	211	194	171	169	171	194	211	1086	859	842	819	817	818	825	824	822	815	814	816	842	859	1086	211	144	118	116	115	-2
582, 535, 219, 565,  SC:10.0 wTime:177.0 rel:2.2 totalCost:0.35 2772.1823608923896	-1	920	921	956	929	930	933	936	896	897	884	880	879	906	864	907	889	890	892	909	1070	1077	861	645	422	361	347	345	343	336	335	337	360	427	1092	859	842	819	817	818	825	824	822	815	814	816	842	859	1086	211	144	118	116	115	-2
582, 535, 583, 565,  SC:10.0 wTime:184.0 rel:2.2 totalCost:0.35 2556.8217378172963	-1	920	921	956	929	930	933	936	896	897	898	891	890	889	907	864	906	876	877	881	897	896	960	961	941	943	945	959	1079	1078	863	843	829	827	825	818	817	819	842	859	1086	211	144	118	116	115	-2
582, 535, 583, 504,  SC:10.0 wTime:164.0 rel:2.2 totalCost:0.35 2239.4300335094326	-1	920	921	956	929	930	933	936	896	897	898	891	893	895	909	1070	1077	854	793	779	777	775	784	786	785	835	836	834	825	824	822	815	814	816	842	859	1086	211	144	118	116	115	-2
582, 535, 583, 55,  SC:10.0 wTime:192.0 rel:2.2 totalCost:0.35 2478.58021926266	-1	920	921	956	929	930	933	936	896	897	898	900	902	901	1066	1072	1073	1079	1078	863	843	829	827	829	843	863	862	646	430	215	209	91	90	89	86	88	87	202	203	141	140	139	117	115	-2
582, 535, 640, 565,  SC:10.0 wTime:234.0 rel:2.2 totalCost:0.35 2731.008711905478	-1	920	921	956	929	930	933	936	896	897	884	880	879	906	864	907	889	890	893	894	994	993	991	981	980	982	1008	1075	1076	859	842	819	817	818	825	824	822	815	814	816	842	859	1086	211	144	118	116	115	-2
582, 535, 367, 565,  SC:10.0 wTime:236.0 rel:2.2 totalCost:0.35 2859.1512958371577	-1	920	921	956	929	930	933	936	896	897	884	880	879	906	864	907	889	890	892	909	1070	1077	861	638	577	563	561	559	568	570	569	636	640	641	647	862	863	843	829	827	825	818	817	819	842	859	1086	211	144	118	116	115	-2

Query #1.2 9781731463 61198
(616.0,622.0,2), (1266.0,1.0,3) [-597, -101, restaurant, shoes], timeMax=5000.0, threshold=1.0, k=7
333, 381, 333, 304,  SC:6.0 wTime:105.0 rel:3.1 totalCost:0.1875 2089.607180911764	-1	635	473	472	471	468	470	469	519	520	518	516	517	617	616	599	597	585	597	599	616	617	517	516	509	511	513	527	647	862	863	743	726	724	723	741	698	699	-2
362, 381, 333, 304,  SC:6.0 wTime:138.0 rel:3.1 totalCost:0.1875 2095.198038844458	-1	635	473	472	473	567	566	559	579	578	614	615	602	598	597	585	597	599	616	617	517	516	509	511	513	527	647	862	863	743	726	724	723	741	698	699	-2
362, 381, 259, 304,  SC:6.0 wTime:180.0 rel:3.1 totalCost:0.1875 2421.9096105303797	-1	635	473	472	473	567	566	559	579	578	614	615	602	598	597	585	597	598	600	626	643	644	427	410	387	385	386	405	406	407	425	431	646	862	863	743	726	724	723	741	698	699	-2
362, 381, 362, 304,  SC:6.0 wTime:171.0 rel:3.1 totalCost:0.1875 2480.5164355750358	-1	635	473	472	473	567	566	559	579	578	614	615	602	598	597	585	597	598	602	615	614	578	579	559	561	563	577	638	861	854	693	679	677	675	695	694	730	731	718	714	713	740	698	699	-2
259, 381, 362, 304,  SC:6.0 wTime:180.0 rel:3.1 totalCost:0.1875 2421.9096105303797	-1	635	473	472	473	567	566	559	579	578	614	615	602	598	597	585	597	598	600	626	643	644	427	410	387	385	386	405	406	407	425	431	646	862	863	743	726	724	723	741	698	699	-2
333, 381, 362, 304,  SC:6.0 wTime:138.0 rel:3.1 totalCost:0.1875 2095.198038844458	-1	635	473	472	473	567	566	559	579	578	614	615	602	598	597	585	597	599	616	617	517	516	509	511	513	527	647	862	863	743	726	724	723	741	698	699	-2
333, 381, 259, 304,  SC:6.0 wTime:147.0 rel:3.1 totalCost:0.1875 2416.318752597685	-1	635	473	472	471	468	470	469	519	520	518	516	517	617	616	599	597	585	597	598	600	626	643	644	427	410	387	385	386	405	406	407	425	431	646	862	863	743	726	724	723	741	698	699	-2

Query #1.3 162234516 17795
(1259.0,1258.0,3), (611.0,862.0,3) [7560, 5587, 7161, 8861], timeMax=5000.0, threshold=1.0, k=7

Query #1.4 10809226169 49019
(1065.0,580.0,2), (1049.0,560.0,4) [shoes, -1083, 6447, 9487], timeMax=5000.0, threshold=1.0, k=7

Query #1.5 28002914522 41634
(704.0,533.0,2), (58.0,1186.0,1) [7555, 5172, -1220, others], timeMax=5000.0, threshold=1.0, k=7

Query #1.6 17967395193 141322
(417.0,789.0,1), (838.0,689.0,3) [cosmetics, 11521, bags, -270], timeMax=5000.0, threshold=1.0, k=7

Query #1.7 9556972186 134602
(170.0,36.0,0), (677.0,1058.0,3) [clothing, travel, 3015, 4911], timeMax=5000.0, threshold=1.0, k=7

Query #1.8 7016873890 49925
(1173.0,1188.0,4), (430.0,417.0,1) [food, electronics, 3823, -250], timeMax=5000.0, threshold=1.0, k=7
109, 215, 259, 219,  SC:0.0 wTime:219.0 rel:3.1 totalCost:0.11249999999999999 2561.379538773777	-1	1015	1014	1056	1029	1030	1032	1058	1075	1093	427	360	337	360	427	428	211	194	171	169	172	132	133	127	129	131	145	206	429	422	361	327	344	343	352	354	353	403	404	402	405	406	407	424	418	253	254	252	233	229	-2
55, 215, 259, 219,  SC:0.0 wTime:250.0 rel:3.1 totalCost:0.11249999999999999 2681.3120894130925	-1	1015	1014	1056	1029	1030	1032	1058	1075	1093	427	360	337	338	412	413	405	402	404	403	353	354	352	343	345	347	327	361	422	429	206	207	203	208	91	90	89	70	69	71	94	200	426	416	260	234	232	229	-2
109, 629, 259, 219,  SC:0.0 wTime:200.0 rel:3.1 totalCost:0.11249999999999999 3016.5285048341498	-1	1015	1014	1056	1029	1030	1032	1058	1075	1093	427	360	337	360	427	428	211	194	171	169	171	194	211	1084	427	410	387	385	386	405	386	385	387	410	427	1093	1075	1008	982	980	979	1006	964	965	970	971	1007	989	990	992	1009	1070	1077	861	645	422	261	244	242	239	-2
109, 519, 259, 219,  SC:0.0 wTime:212.0 rel:3.1 totalCost:0.11249999999999999 3293.599826290997	-1	1015	1014	1056	1029	1030	1032	1058	1075	1093	427	360	337	360	427	428	211	194	171	169	171	194	211	1084	427	410	387	385	386	405	393	395	397	411	431	646	862	863	843	826	824	823	841	805	804	799	798	841	823	824	826	843	863	862	646	431	311	297	295	293	313	312	248	249	233	229	-2
504, 215, 259, 219,  SC:0.0 wTime:222.0 rel:3.1 totalCost:0.11249999999999999 2143.3522689418637	-1	1015	1014	1056	1029	1030	1032	1058	1075	1093	427	360	337	338	412	413	405	402	404	403	353	354	352	343	345	347	327	361	422	645	861	854	793	779	778	855	854	861	645	422	261	244	242	239	-2
565, 215, 259, 219,  SC:0.0 wTime:242.0 rel:3.1 totalCost:0.11249999999999999 2819.164593399307	-1	1015	1014	1056	1029	1030	1032	1058	1075	1093	427	360	337	338	412	413	405	402	404	403	353	354	352	343	345	347	327	361	422	645	861	1077	1070	909	892	890	889	907	864	865	870	871	907	889	890	892	909	1070	1077	861	645	422	261	244	242	239	-2
55, 519, 259, 219,  SC:0.0 wTime:243.0 rel:3.1 totalCost:0.11249999999999999 3281.5238716143494	-1	1015	1014	1056	1029	1030	1032	1058	1075	1093	427	360	337	338	412	413	405	393	395	397	411	431	430	215	209	91	209	215	430	646	862	863	843	826	824	823	841	805	804	799	798	841	823	824	826	843	863	862	646	431	311	297	295	293	313	312	248	249	233	229	-2

Query #1.9 89238650459 59357
(170.0,631.0,3), (1074.0,889.0,4) [-1053, -131, -574, -811], timeMax=5000.0, threshold=1.0, k=7
17, 504, 619, 299,  SC:0.0 wTime:113.0 rel:0.4 totalCost:0.45 1637.6468067154972	-1	659	693	855	778	855	854	861	638	477	463	477	638	645	429	206	45	31	45	206	429	645	861	1077	1070	1071	1067	1072	955	954	953	962	963	1049	1048	1041	1040	1039	-2
17, 504, 253, 299,  SC:0.0 wTime:187.0 rel:0.4 totalCost:0.45 1822.2292107273795	-1	659	693	855	778	855	854	861	638	477	463	477	638	645	429	206	45	31	45	206	429	422	423	419	420	403	404	402	393	395	397	411	431	646	862	1078	1079	1059	1042	1040	1039	-2
17, 504, 300, 299,  SC:0.0 wTime:181.0 rel:0.4 totalCost:0.45 1843.6178516934633	-1	659	693	855	778	855	854	861	638	477	463	477	638	645	429	206	45	31	45	206	429	645	638	477	463	461	459	465	464	528	529	509	511	513	527	647	862	1078	1079	1059	1042	1040	1039	-2
17, 504, 17, 299,  SC:0.0 wTime:131.0 rel:0.4 totalCost:0.45 1527.7726058155554	-1	659	693	855	778	855	854	861	638	477	463	477	638	645	429	206	45	31	31	30	207	206	429	645	861	1077	1070	1009	995	993	991	1011	1010	1060	1061	1038	1039	-2
17, 504, 532, 299,  SC:0.0 wTime:116.0 rel:0.4 totalCost:0.45 1831.9331244934501	-1	659	693	855	778	855	854	861	638	477	463	477	638	645	429	206	45	31	45	206	429	645	861	854	793	779	777	775	781	780	820	817	818	825	827	829	843	863	1078	1079	1059	1042	1040	1039	-2
17, 504, 118, 299,  SC:0.0 wTime:143.0 rel:0.4 totalCost:0.45 1681.7930755288921	-1	659	693	855	778	855	854	861	638	477	463	477	638	645	429	206	45	31	30	203	208	191	190	189	177	179	181	195	215	430	646	862	1078	1079	1059	1042	1040	1039	-2
17, 504, 536, 299,  SC:0.0 wTime:173.0 rel:0.4 totalCost:0.45 1761.1715963506208	-1	659	693	855	778	855	854	861	638	477	463	477	638	645	429	206	45	31	45	206	429	645	861	854	855	851	856	828	829	843	863	1078	1079	1059	1042	1040	1039	-2

Query #1.10 12878459397 6575
(314.0,672.0,2), (1180.0,1141.0,2) [83, -122, -719, restaurant], timeMax=5000.0, threshold=1.0, k=7
464, 107, 303, 362,  SC:2.0 wTime:183.0 rel:2.2 totalCost:0.24999999999999997 2249.203755997451	-1	577	563	561	562	481	480	468	470	469	634	640	641	647	862	863	743	708	743	863	862	646	430	215	195	178	176	173	164	175	176	178	195	215	430	646	647	627	610	608	607	625	589	588	-2
464, 337, 303, 362,  SC:2.0 wTime:244.0 rel:2.2 totalCost:0.24999999999999997 2101.6420125529753	-1	577	563	561	562	481	480	468	470	469	634	640	641	647	862	863	743	708	743	863	862	647	641	523	522	521	530	531	617	616	609	608	607	625	589	588	-2
464, 367, 424, 362,  SC:2.0 wTime:223.0 rel:2.2 totalCost:0.24999999999999997 2952.074258272937	-1	577	563	561	559	568	570	569	636	640	641	647	862	863	743	708	726	725	745	744	680	681	668	664	663	690	648	649	654	655	691	673	674	676	693	854	861	638	577	563	561	559	579	578	614	615	602	598	597	624	589	588	-2
464, 260, 303, 362,  SC:2.0 wTime:171.0 rel:2.2 totalCost:0.24999999999999997 2197.825708116616	-1	577	563	561	562	481	480	468	470	469	634	640	641	647	862	863	743	708	743	863	862	646	431	425	407	406	405	393	395	397	411	431	646	647	627	610	608	607	625	589	588	-2
464, 367, 303, 362,  SC:2.0 wTime:237.0 rel:2.2 totalCost:0.24999999999999997 2294.7843818745746	-1	577	563	561	559	568	570	569	636	640	641	647	862	863	743	708	743	863	862	647	641	640	634	469	470	468	471	472	473	635	636	619	620	618	606	605	596	625	589	588	-2
464, 367, 525, 362,  SC:2.0 wTime:314.0 rel:2.2 totalCost:0.24999999999999997 2513.295363358765	-1	577	563	561	559	568	570	569	636	640	641	647	862	863	743	708	743	843	826	824	823	841	805	804	799	798	841	823	824	826	843	863	862	647	627	610	608	607	625	589	588	-2
464, 520, 303, 362,  SC:2.0 wTime:220.0 rel:2.2 totalCost:0.24999999999999997 2530.690850423325	-1	577	563	561	562	481	480	468	470	469	634	640	641	647	862	863	743	708	743	843	826	824	823	841	798	799	804	805	841	823	824	826	843	863	862	647	627	610	608	607	625	589	588	-2

