Query #1.1 2163897309 70780
(1327.0,175.0,4), (492.0,1062.0,0) [3192, 3166, -78, -47], timeMax=5000.0, threshold=1.0, k=7
582, 535, 640, 55,  SC:10.0 wTime:242.0 rel:2.2 totalCost:0.35 2464.5907438298136	-1	920	921	956	929	930	933	936	896	1066	1067	1005	1004	1003	981	980	982	1008	1075	1076	859	842	819	817	818	825	827	829	843	863	862	646	430	215	209	91	90	89	86	88	87	202	203	141	140	139	117	115	-2
582, 535, 107, 55,  SC:10.0 wTime:190.0 rel:2.2 totalCost:0.35 2317.459887418087	-1	920	921	956	929	930	933	936	896	1065	1064	1083	200	94	71	69	70	89	90	91	199	198	174	173	176	178	195	215	430	646	862	863	843	829	827	825	818	817	819	842	859	1086	211	144	118	116	115	-2
582, 535, 260, 55,  SC:10.0 wTime:178.0 rel:2.2 totalCost:0.35 2409.6771875008285	-1	920	921	956	929	930	933	936	896	1065	1064	1083	200	94	71	69	70	89	90	91	209	215	430	646	862	863	843	829	827	829	843	863	862	646	431	425	407	406	405	386	385	387	410	427	1084	211	144	118	116	115	-2
582, 535, 337, 55,  SC:10.0 wTime:251.0 rel:2.2 totalCost:0.35 2349.570693127557	-1	920	921	956	929	930	933	936	896	1065	1064	1095	632	526	503	501	502	521	522	523	641	647	862	863	843	829	827	829	843	863	862	646	430	215	209	91	90	89	86	88	87	202	203	141	140	139	117	115	-2
582, 535, 367, 55,  SC:10.0 wTime:244.0 rel:2.2 totalCost:0.35 2538.8847458162304	-1	920	921	956	929	930	933	936	896	1065	1064	1083	200	94	71	69	70	89	90	91	209	215	430	646	862	863	843	829	827	829	843	863	862	647	641	640	636	569	570	568	552	551	553	576	643	1085	211	144	118	116	115	-2
582, 535, 219, 55,  SC:10.0 wTime:185.0 rel:2.2 totalCost:0.35 2335.522716955355	-1	920	921	956	929	930	933	936	896	1065	1064	1083	200	94	71	69	70	89	90	91	209	215	430	646	862	863	843	829	827	825	818	817	819	842	859	1092	427	360	337	338	421	427	428	211	144	118	116	115	-2
582, 535, 583, 55,  SC:10.0 wTime:192.0 rel:2.2 totalCost:0.35 2347.5961246948923	-1	920	921	956	929	930	933	936	896	897	898	884	883	885	908	1064	1083	200	94	71	69	70	89	90	91	209	215	430	646	862	863	843	829	827	825	818	817	819	842	859	1086	211	144	118	116	115	-2

Query #1.2 3107704886 4009
(616.0,622.0,2), (1266.0,1.0,3) [-597, -101, restaurant, shoes], timeMax=5000.0, threshold=1.0, k=7
259, 381, 333, 217,  SC:6.0 wTime:160.0 rel:3.1 totalCost:0.1875 2220.5579368875556	-1	640	517	617	616	599	597	585	597	598	600	626	643	644	427	360	334	332	336	349	348	403	404	402	405	406	407	425	431	646	862	863	743	726	724	723	741	698	699	-2
362, 381, 362, 217,  SC:6.0 wTime:184.0 rel:3.1 totalCost:0.1875 2357.1502667602526	-1	635	581	580	559	559	579	578	614	615	602	598	597	585	597	598	600	626	643	644	427	360	334	332	333	349	348	412	413	393	395	397	411	431	646	862	863	743	726	724	723	741	698	699	-2
259, 381, 259, 217,  SC:6.0 wTime:202.0 rel:3.1 totalCost:0.1875 2118.0927425963055	-1	636	628	629	602	598	597	585	597	598	600	626	643	644	427	360	334	332	336	349	348	403	404	402	405	405	406	407	425	431	646	862	863	743	726	724	723	741	698	699	-2
362, 381, 333, 217,  SC:6.0 wTime:151.0 rel:3.1 totalCost:0.1875 2579.7666220635138	-1	640	517	617	616	599	597	585	597	598	602	615	614	578	579	559	561	563	577	638	645	422	361	344	342	340	333	332	336	349	348	412	413	393	395	397	411	431	646	862	863	743	726	724	723	741	698	699	-2
362, 381, 457, 217,  SC:6.0 wTime:160.0 rel:3.1 totalCost:0.1875 3394.1138416546737	-1	635	581	580	559	579	578	614	615	602	598	597	585	594	605	608	610	627	647	862	863	743	726	724	721	710	700	710	721	724	726	743	863	862	646	431	411	397	395	393	413	412	348	349	336	332	333	349	348	412	413	393	395	397	411	431	646	862	863	743	726	724	723	741	698	699	-2
362, 381, 259, 217,  SC:6.0 wTime:193.0 rel:3.1 totalCost:0.1875 2646.6420388535	-1	635	581	580	559	561	563	577	638	645	422	361	344	342	340	333	332	334	360	427	644	643	626	600	598	597	585	597	598	600	626	643	644	427	410	387	385	386	405	406	407	425	431	646	862	863	743	726	724	723	741	698	699	-2
259, 381, 362, 217,  SC:6.0 wTime:193.0 rel:3.1 totalCost:0.1875 2646.6420388535	-1	635	581	580	559	561	563	577	638	645	422	361	344	342	340	333	332	334	360	427	644	643	626	600	598	597	585	597	598	600	626	643	644	427	410	387	385	386	405	406	407	425	431	646	862	863	743	726	724	723	741	698	699	-2

Query #1.3 13287055 4587
(1259.0,1258.0,3), (611.0,862.0,3) [7560, 5587, 7161, 8861], timeMax=5000.0, threshold=1.0, k=7

Query #1.4 5101532 3318
(1065.0,580.0,2), (1049.0,560.0,4) [shoes, -1083, 6447, 9487], timeMax=5000.0, threshold=1.0, k=7

Query #1.5 3710359 2315
(704.0,533.0,2), (58.0,1186.0,1) [7555, 5172, -1220, others], timeMax=5000.0, threshold=1.0, k=7

Query #1.6 824361 979
(417.0,789.0,1), (838.0,689.0,3) [cosmetics, 11521, bags, -270], timeMax=5000.0, threshold=1.0, k=7

Query #1.7 6866395 4053
(170.0,36.0,0), (677.0,1058.0,3) [clothing, travel, 3015, 4911], timeMax=5000.0, threshold=1.0, k=7

Query #1.8 4625522631 1068
(1173.0,1188.0,4), (430.0,417.0,1) [food, electronics, 3823, -250], timeMax=5000.0, threshold=1.0, k=7
109, 519, 259, 260,  SC:0.0 wTime:205.0 rel:3.1 totalCost:0.11249999999999999 2872.510758181434	-1	1015	1014	1056	1029	1030	1032	1058	1075	1087	211	194	171	169	171	194	211	1084	427	410	387	385	386	405	406	407	425	431	646	862	863	843	826	824	823	841	805	804	799	798	841	823	824	826	843	863	862	646	431	311	297	295	293	313	312	248	249	233	229	-2
109, 629, 259, 260,  SC:0.0 wTime:193.0 rel:3.1 totalCost:0.11249999999999999 2651.8324983678244	-1	1015	1014	1056	1029	1030	1032	1058	1075	1087	211	194	171	169	171	194	211	1084	427	410	387	385	386	405	406	405	386	385	387	410	427	1093	1075	1008	982	980	979	1006	964	965	970	971	1007	989	990	992	1009	1070	1077	861	645	422	261	244	242	239	-2
55, 629, 259, 260,  SC:0.0 wTime:224.0 rel:3.1 totalCost:0.11249999999999999 2785.4981977586363	-1	1020	1021	1057	1039	1040	1042	1059	1079	1078	862	646	431	425	407	406	407	425	431	430	215	209	91	208	204	205	211	1087	1075	1008	982	980	979	1006	964	965	970	971	1007	989	990	992	1009	1070	1077	861	645	422	261	244	242	239	-2
109, 215, 259, 260,  SC:0.0 wTime:212.0 rel:3.1 totalCost:0.11249999999999999 2506.79824347372	-1	1015	1014	1056	1029	1030	1032	1058	1075	1087	211	194	171	169	171	194	211	1084	427	410	387	385	386	405	402	404	403	353	354	352	343	345	347	327	347	346	419	424	407	406	405	402	404	403	420	419	257	256	255	233	229	-2
55, 215, 259, 260,  SC:0.0 wTime:243.0 rel:3.1 totalCost:0.11249999999999999 2355.0790734471047	-1	1020	1021	1057	1039	1040	1042	1059	1079	1078	862	646	431	425	407	406	407	424	419	346	347	327	361	422	429	206	207	203	208	91	90	89	70	69	71	94	200	426	416	260	234	232	229	-2
55, 519, 259, 260,  SC:0.0 wTime:236.0 rel:3.1 totalCost:0.11249999999999999 2921.3619609000816	-1	1020	1021	1057	1039	1040	1042	1059	1079	1078	862	646	431	425	407	406	407	425	431	430	215	209	91	209	215	430	646	862	863	843	826	824	823	841	805	804	799	798	841	823	824	826	843	863	862	646	431	311	297	295	293	313	312	248	249	233	229	-2
504, 215, 259, 260,  SC:0.0 wTime:215.0 rel:3.1 totalCost:0.11249999999999999 1845.1192529758755	-1	1020	1021	1057	1039	1040	1042	1059	1079	1078	862	646	431	425	407	406	407	424	419	346	347	327	361	422	645	861	854	793	779	778	855	854	861	645	422	261	244	242	239	-2

Query #1.9 9132213443 38989
(170.0,631.0,3), (1074.0,889.0,4) [-1053, -131, -574, -811], timeMax=5000.0, threshold=1.0, k=7
253, 55, 522, 647,  SC:0.0 wTime:213.0 rel:0.4 totalCost:0.45 2448.533944283562	-1	659	693	854	1077	1070	1071	999	1071	1070	1077	861	645	429	206	207	203	208	91	209	215	430	646	862	863	843	826	824	821	810	801	810	821	824	826	843	863	862	646	431	411	397	395	394	411	431	646	862	1078	1079	1059	1042	1040	1039	-2
253, 55, 17, 647,  SC:0.0 wTime:230.0 rel:0.4 totalCost:0.45 1959.4549345543694	-1	659	693	854	861	645	429	206	45	31	45	206	429	645	861	1077	1070	1071	999	1071	1070	1077	861	645	429	206	207	203	208	91	209	215	430	431	411	397	395	394	411	431	646	862	1078	1079	1059	1042	1040	1039	-2
253, 55, 253, 647,  SC:0.0 wTime:286.0 rel:0.4 totalCost:0.45 1712.049064877101	-1	659	693	854	1077	1070	1071	999	1071	1070	1077	861	645	429	206	207	203	208	91	209	215	430	431	411	397	395	395	394	411	431	646	862	1078	1079	1059	1042	1040	1039	-2
253, 55, 605, 647,  SC:0.0 wTime:225.0 rel:0.4 totalCost:0.45 2022.4760852347981	-1	659	693	854	1077	1070	1071	999	1067	1072	944	945	924	959	1079	1078	862	646	431	411	397	395	397	411	431	430	215	209	91	90	89	77	79	81	95	215	430	646	862	1078	1079	1059	1042	1040	1039	-2
253, 55, 619, 647,  SC:0.0 wTime:212.0 rel:0.4 totalCost:0.45 1884.4952167688225	-1	659	693	854	1077	1070	1071	999	1067	1072	955	1073	1079	1078	862	646	431	411	397	395	397	411	431	430	215	209	91	90	89	77	79	81	95	215	430	646	862	1078	1079	1059	1042	1040	1039	-2
253, 55, 536, 647,  SC:0.0 wTime:272.0 rel:0.4 totalCost:0.45 2030.1026523655382	-1	659	693	854	1077	1070	1071	999	1067	1072	1073	1079	1078	863	843	829	843	863	862	646	431	411	397	395	397	411	431	430	215	209	91	90	89	77	79	81	95	215	430	646	862	1078	1079	1059	1042	1040	1039	-2
253, 55, 532, 647,  SC:0.0 wTime:215.0 rel:0.4 totalCost:0.45 2207.426964326423	-1	659	693	854	1077	1070	1071	999	998	984	983	985	1008	1075	1099	859	842	819	817	818	825	827	829	843	863	862	646	431	411	397	395	397	411	431	430	215	209	91	90	89	77	79	81	95	215	430	646	862	1078	1079	1059	1042	1040	1039	-2

Query #1.10 10985067628 13466
(314.0,672.0,2), (1180.0,1141.0,2) [83, -122, -719, restaurant], timeMax=5000.0, threshold=1.0, k=7
464, 260, 527, 259,  SC:2.0 wTime:183.0 rel:2.2 totalCost:0.24999999999999997 2380.2125850119137	-1	638	645	422	423	419	424	407	425	431	646	862	863	743	708	743	843	826	824	823	807	823	824	826	843	863	862	646	431	425	407	406	405	393	395	397	411	431	646	647	627	610	608	607	625	589	588	-2
464, 337, 525, 259,  SC:2.0 wTime:330.0 rel:2.2 totalCost:0.24999999999999997 2657.016890041629	-1	639	635	640	523	641	647	862	863	743	708	743	863	862	646	431	425	407	406	407	425	431	646	862	863	843	826	824	823	841	805	804	799	798	841	823	824	826	843	863	862	647	627	610	608	607	625	589	588	-2
464, 260, 383, 259,  SC:2.0 wTime:216.0 rel:2.2 totalCost:0.24999999999999997 2444.010911149308	-1	638	645	422	423	419	424	407	425	431	646	862	863	743	708	743	863	862	647	627	610	608	606	599	598	600	587	626	643	644	427	410	387	385	386	405	406	407	425	431	646	647	627	610	608	607	625	589	588	-2
464, 260, 525, 259,  SC:2.0 wTime:257.0 rel:2.2 totalCost:0.24999999999999997 2259.954801102749	-1	638	645	422	423	419	424	407	406	407	425	431	646	862	863	743	708	743	843	826	824	823	841	805	804	799	798	841	823	824	826	843	863	862	647	627	610	608	607	625	589	588	-2
464, 260, 424, 259,  SC:2.0 wTime:166.0 rel:2.2 totalCost:0.24999999999999997 2105.0826837206123	-1	638	861	854	693	676	674	673	691	648	690	660	661	665	681	680	744	745	725	726	708	743	863	862	646	431	425	407	406	405	393	395	397	411	431	646	647	627	610	608	607	625	589	588	-2
464, 260, 303, 259,  SC:2.0 wTime:180.0 rel:2.2 totalCost:0.24999999999999997 1908.931587007041	-1	477	463	461	459	468	470	469	634	640	641	647	862	863	743	708	743	863	862	646	431	425	407	406	405	393	395	397	411	431	646	647	627	610	608	607	625	589	588	-2
464, 337, 303, 259,  SC:2.0 wTime:253.0 rel:2.2 totalCost:0.24999999999999997 1922.4972647505017	-1	477	463	461	459	468	470	469	519	520	518	521	522	523	641	647	862	863	743	708	743	863	862	646	431	425	407	406	405	393	395	397	411	431	646	647	627	610	608	607	625	589	588	-2

