0	0.0	288.0	0.0	288.0	0	0	1	6	
1	288.0	360.0	144.0	288.0	0	0	0	1	
2	360.0	432.0	144.0	288.0	0	0	2	
3	432.0	504.0	144.0	288.0	0	0	3	
4	504.0	576.0	144.0	288.0	0	0	4	
5	576.0	648.0	144.0	288.0	0	0	5	
6	144.0	288.0	288.0	360.0	0	0	6	7	
7	144.0	288.0	360.0	432.0	0	0	8	
8	144.0	288.0	432.0	504.0	0	0	9	
9	144.0	288.0	504.0	576.0	0	0	10	
10	144.0	288.0	576.0	648.0	0	0	11	
11	360.0	432.0	360.0	432.0	0	0	12	13	14	23	
12	432.0	504.0	360.0	432.0	0	0	13	15	16	17	
13	504.0	576.0	360.0	432.0	0	0	16	18	19	20	
14	576.0	648.0	360.0	432.0	0	0	19	21	22	
15	360.0	432.0	432.0	504.0	0	0	23	24	25	26	
16	360.0	432.0	504.0	576.0	0	0	26	27	28	29	
17	360.0	432.0	576.0	648.0	0	0	29	30	31	
18	576.0	648.0	432.0	504.0	0	0	32	33	
19	432.0	504.0	576.0	648.0	0	0	34	35	
20	576.0	612.0	522.0	576.0	0	0	36	38	
21	612.0	648.0	522.0	576.0	0	0	37	38	
22	522.0	576.0	576.0	612.0	0	0	39	40	
23	522.0	576.0	612.0	648.0	0	0	40	41	
24	288.0	360.0	288.0	360.0	0	1	0	7	42	43	
25	360.0	504.0	288.0	360.0	0	1	2	3	12	15	42	
26	504.0	648.0	288.0	360.0	0	1	4	5	18	21	44	
27	288.0	360.0	360.0	504.0	0	1	8	9	14	25	43	
28	288.0	360.0	504.0	648.0	0	1	10	11	28	31	45	
29	432.0	576.0	432.0	576.0	0	1	17	20	24	27	33	34	36	39	47	48	
30	576.0	648.0	504.0	522.0	0	1	46	47	
31	504.0	522.0	576.0	648.0	0	1	48	49	
32	1080.0	1368.0	0.0	288.0	0	0	51	56	
33	1008.0	1080.0	144.0	288.0	0	0	50	51	
34	936.0	1008.0	144.0	288.0	0	0	52	
35	864.0	936.0	144.0	288.0	0	0	53	
36	792.0	864.0	144.0	288.0	0	0	54	
37	720.0	792.0	144.0	288.0	0	0	55	
38	1080.0	1224.0	288.0	360.0	0	0	56	57	
39	1080.0	1224.0	360.0	432.0	0	0	58	
40	1080.0	1224.0	432.0	504.0	0	0	59	
41	1080.0	1224.0	504.0	576.0	0	0	60	
42	1080.0	1224.0	576.0	648.0	0	0	61	
43	936.0	1008.0	360.0	432.0	0	0	62	63	64	73	
44	864.0	936.0	360.0	432.0	0	0	63	65	66	67	
45	792.0	864.0	360.0	432.0	0	0	66	68	69	70	
46	720.0	792.0	360.0	432.0	0	0	69	71	72	
47	936.0	1008.0	432.0	504.0	0	0	73	74	75	76	
48	936.0	1008.0	504.0	576.0	0	0	76	77	78	79	
49	936.0	1008.0	576.0	648.0	0	0	79	80	81	
50	720.0	792.0	432.0	504.0	0	0	82	83	
51	864.0	936.0	576.0	648.0	0	0	84	85	
52	756.0	792.0	522.0	576.0	0	0	86	88	
53	720.0	756.0	522.0	576.0	0	0	87	88	
54	792.0	846.0	576.0	612.0	0	0	89	90	
55	792.0	846.0	612.0	648.0	0	0	90	91	
56	1008.0	1080.0	288.0	360.0	0	1	50	57	92	93	
57	864.0	1008.0	288.0	360.0	0	1	52	53	62	65	92	
58	720.0	864.0	288.0	360.0	0	1	54	55	68	71	94	
59	1008.0	1080.0	360.0	504.0	0	1	58	59	64	75	93	
60	1008.0	1080.0	504.0	648.0	0	1	60	61	78	81	95	
61	792.0	936.0	432.0	576.0	0	1	67	70	74	77	83	84	86	89	97	98	
62	720.0	792.0	504.0	522.0	0	1	96	97	
63	846.0	864.0	576.0	648.0	0	1	98	99	
64	0.0	288.0	1080.0	1368.0	0	0	101	106	
65	288.0	360.0	1080.0	1224.0	0	0	100	101	
66	360.0	432.0	1080.0	1224.0	0	0	102	
67	432.0	504.0	1080.0	1224.0	0	0	103	
68	504.0	576.0	1080.0	1224.0	0	0	104	
69	576.0	648.0	1080.0	1224.0	0	0	105	
70	144.0	288.0	1008.0	1080.0	0	0	106	107	
71	144.0	288.0	936.0	1008.0	0	0	108	
72	144.0	288.0	864.0	936.0	0	0	109	
73	144.0	288.0	792.0	864.0	0	0	110	
74	144.0	288.0	720.0	792.0	0	0	111	
75	360.0	432.0	936.0	1008.0	0	0	112	113	114	123	
76	432.0	504.0	936.0	1008.0	0	0	113	115	116	117	
77	504.0	576.0	936.0	1008.0	0	0	116	118	119	120	
78	576.0	648.0	936.0	1008.0	0	0	119	121	122	
79	360.0	432.0	864.0	936.0	0	0	123	124	125	126	
80	360.0	432.0	792.0	864.0	0	0	126	127	128	129	
81	360.0	432.0	720.0	792.0	0	0	129	130	131	
82	576.0	648.0	864.0	936.0	0	0	132	133	
83	432.0	504.0	720.0	792.0	0	0	134	135	
84	576.0	612.0	792.0	846.0	0	0	136	138	
85	612.0	648.0	792.0	846.0	0	0	137	138	
86	522.0	576.0	756.0	792.0	0	0	139	140	
87	522.0	576.0	720.0	756.0	0	0	140	141	
88	288.0	360.0	1008.0	1080.0	0	1	100	107	142	143	
89	360.0	504.0	1008.0	1080.0	0	1	102	103	112	115	142	
90	504.0	648.0	1008.0	1080.0	0	1	104	105	118	121	144	
91	288.0	360.0	864.0	1008.0	0	1	108	109	114	125	143	
92	288.0	360.0	720.0	864.0	0	1	110	111	128	131	145	
93	432.0	576.0	792.0	936.0	0	1	117	120	124	127	133	134	136	139	147	148	
94	576.0	648.0	846.0	864.0	0	1	146	147	
95	504.0	522.0	720.0	792.0	0	1	148	149	
96	1080.0	1368.0	1080.0	1368.0	0	0	151	156	
97	1008.0	1080.0	1080.0	1224.0	0	0	150	151	
98	936.0	1008.0	1080.0	1224.0	0	0	152	
99	864.0	936.0	1080.0	1224.0	0	0	153	
100	792.0	864.0	1080.0	1224.0	0	0	154	
101	720.0	792.0	1080.0	1224.0	0	0	155	
102	1080.0	1224.0	1008.0	1080.0	0	0	156	157	
103	1080.0	1224.0	936.0	1008.0	0	0	158	
104	1080.0	1224.0	864.0	936.0	0	0	159	
105	1080.0	1224.0	792.0	864.0	0	0	160	
106	1080.0	1224.0	720.0	792.0	0	0	161	
107	936.0	1008.0	936.0	1008.0	0	0	162	163	164	173	
108	864.0	936.0	936.0	1008.0	0	0	163	165	166	167	
109	792.0	864.0	936.0	1008.0	0	0	166	168	169	170	
110	720.0	792.0	936.0	1008.0	0	0	169	171	172	
111	936.0	1008.0	864.0	936.0	0	0	173	174	175	176	
112	936.0	1008.0	792.0	864.0	0	0	176	177	178	179	
113	936.0	1008.0	720.0	792.0	0	0	179	180	181	
114	720.0	792.0	864.0	936.0	0	0	182	183	
115	864.0	936.0	720.0	792.0	0	0	184	185	
116	756.0	792.0	792.0	846.0	0	0	186	188	
117	720.0	756.0	792.0	846.0	0	0	187	188	
118	792.0	846.0	756.0	792.0	0	0	189	190	
119	792.0	846.0	720.0	756.0	0	0	190	191	
120	1008.0	1080.0	1008.0	1080.0	0	1	150	157	192	193	
121	864.0	1008.0	1008.0	1080.0	0	1	152	153	162	165	192	
122	720.0	864.0	1008.0	1080.0	0	1	154	155	168	171	194	
123	1008.0	1080.0	864.0	1008.0	0	1	158	159	164	175	193	
124	1008.0	1080.0	720.0	864.0	0	1	160	161	178	181	195	
125	792.0	936.0	792.0	936.0	0	1	167	170	174	177	183	184	186	189	197	198	
126	720.0	792.0	846.0	864.0	0	1	196	197	
127	846.0	864.0	720.0	792.0	0	1	198	199	
128	648.0	720.0	288.0	360.0	0	1	44	94	200	201	
129	648.0	720.0	360.0	576.0	0	1	22	32	37	46	72	82	87	96	201	202	
130	576.0	792.0	576.0	792.0	0	1	202	203	204	208	
131	648.0	720.0	792.0	1008.0	0	1	122	132	137	146	172	182	187	196	204	205	
132	648.0	720.0	1008.0	1080.0	0	1	144	194	205	211	
133	288.0	360.0	648.0	720.0	0	1	45	145	206	207	
134	360.0	576.0	648.0	720.0	0	1	30	35	41	49	130	135	141	149	203	207	
135	792.0	1008.0	648.0	720.0	0	1	80	85	91	99	180	185	191	199	208	209	
136	1008.0	1080.0	648.0	720.0	0	1	95	195	209	215	
137	648.0	720.0	144.0	288.0	0	3	200	210	426	1080	1081	1082	1083	
138	648.0	720.0	1080.0	1224.0	0	3	211	212	428	1084	1085	1086	1087	
139	144.0	288.0	648.0	720.0	0	2	206	213	429	
140	1080.0	1224.0	648.0	720.0	0	2	214	215	430	
141	0.0	288.0	0.0	288.0	1	0	217	222	
142	288.0	360.0	144.0	288.0	1	0	216	217	
143	360.0	432.0	144.0	288.0	1	0	218	
144	432.0	504.0	144.0	288.0	1	0	219	
145	504.0	576.0	144.0	288.0	1	0	220	
146	576.0	648.0	144.0	288.0	1	0	221	
147	144.0	288.0	288.0	360.0	1	0	222	223	
148	144.0	288.0	360.0	432.0	1	0	224	
149	144.0	288.0	432.0	504.0	1	0	225	
150	144.0	288.0	504.0	576.0	1	0	226	
151	144.0	288.0	576.0	648.0	1	0	227	
152	360.0	432.0	360.0	432.0	1	0	228	229	230	239	
153	432.0	504.0	360.0	432.0	1	0	229	231	232	233	
154	504.0	576.0	360.0	432.0	1	0	232	234	235	236	
155	576.0	648.0	360.0	432.0	1	0	235	237	238	
156	360.0	432.0	432.0	504.0	1	0	239	240	241	242	
157	360.0	432.0	504.0	576.0	1	0	242	243	244	245	
158	360.0	432.0	576.0	648.0	1	0	245	246	247	
159	576.0	648.0	432.0	504.0	1	0	248	249	
160	432.0	504.0	576.0	648.0	1	0	250	251	
161	576.0	612.0	522.0	576.0	1	0	252	254	
162	612.0	648.0	522.0	576.0	1	0	253	254	
163	522.0	576.0	576.0	612.0	1	0	255	256	
164	522.0	576.0	612.0	648.0	1	0	256	257	
165	288.0	360.0	288.0	360.0	1	1	216	223	258	259	
166	360.0	504.0	288.0	360.0	1	1	218	219	228	231	258	
167	504.0	648.0	288.0	360.0	1	1	220	221	234	237	260	
168	288.0	360.0	360.0	504.0	1	1	224	225	230	241	259	
169	288.0	360.0	504.0	648.0	1	1	226	227	244	247	261	
170	432.0	576.0	432.0	576.0	1	1	233	236	240	243	249	250	252	255	263	264	
171	576.0	648.0	504.0	522.0	1	1	262	263	
172	504.0	522.0	576.0	648.0	1	1	264	265	
173	1080.0	1368.0	0.0	288.0	1	0	267	272	
174	1008.0	1080.0	144.0	288.0	1	0	266	267	
175	936.0	1008.0	144.0	288.0	1	0	268	
176	864.0	936.0	144.0	288.0	1	0	269	
177	792.0	864.0	144.0	288.0	1	0	270	
178	720.0	792.0	144.0	288.0	1	0	271	
179	1080.0	1224.0	288.0	360.0	1	0	272	273	
180	1080.0	1224.0	360.0	432.0	1	0	274	
181	1080.0	1224.0	432.0	504.0	1	0	275	
182	1080.0	1224.0	504.0	576.0	1	0	276	
183	1080.0	1224.0	576.0	648.0	1	0	277	
184	936.0	1008.0	360.0	432.0	1	0	278	279	280	289	
185	864.0	936.0	360.0	432.0	1	0	279	281	282	283	
186	792.0	864.0	360.0	432.0	1	0	282	284	285	286	
187	720.0	792.0	360.0	432.0	1	0	285	287	288	
188	936.0	1008.0	432.0	504.0	1	0	289	290	291	292	
189	936.0	1008.0	504.0	576.0	1	0	292	293	294	295	
190	936.0	1008.0	576.0	648.0	1	0	295	296	297	
191	720.0	792.0	432.0	504.0	1	0	298	299	
192	864.0	936.0	576.0	648.0	1	0	300	301	
193	756.0	792.0	522.0	576.0	1	0	302	304	
194	720.0	756.0	522.0	576.0	1	0	303	304	
195	792.0	846.0	576.0	612.0	1	0	305	306	
196	792.0	846.0	612.0	648.0	1	0	306	307	
197	1008.0	1080.0	288.0	360.0	1	1	266	273	308	309	
198	864.0	1008.0	288.0	360.0	1	1	268	269	278	281	308	
199	720.0	864.0	288.0	360.0	1	1	270	271	284	287	310	
200	1008.0	1080.0	360.0	504.0	1	1	274	275	280	291	309	
201	1008.0	1080.0	504.0	648.0	1	1	276	277	294	297	311	
202	792.0	936.0	432.0	576.0	1	1	283	286	290	293	299	300	302	305	313	314	
203	720.0	792.0	504.0	522.0	1	1	312	313	
204	846.0	864.0	576.0	648.0	1	1	314	315	
205	0.0	288.0	1080.0	1368.0	1	0	317	322	
206	288.0	360.0	1080.0	1224.0	1	0	316	317	
207	360.0	432.0	1080.0	1224.0	1	0	318	
208	432.0	504.0	1080.0	1224.0	1	0	319	
209	504.0	576.0	1080.0	1224.0	1	0	320	
210	576.0	648.0	1080.0	1224.0	1	0	321	
211	144.0	288.0	1008.0	1080.0	1	0	322	323	
212	144.0	288.0	936.0	1008.0	1	0	324	
213	144.0	288.0	864.0	936.0	1	0	325	
214	144.0	288.0	792.0	864.0	1	0	326	
215	144.0	288.0	720.0	792.0	1	0	327	
216	360.0	432.0	936.0	1008.0	1	0	328	329	330	339	
217	432.0	504.0	936.0	1008.0	1	0	329	331	332	333	
218	504.0	576.0	936.0	1008.0	1	0	332	334	335	336	
219	576.0	648.0	936.0	1008.0	1	0	335	337	338	
220	360.0	432.0	864.0	936.0	1	0	339	340	341	342	
221	360.0	432.0	792.0	864.0	1	0	342	343	344	345	
222	360.0	432.0	720.0	792.0	1	0	345	346	347	
223	576.0	648.0	864.0	936.0	1	0	348	349	
224	432.0	504.0	720.0	792.0	1	0	350	351	
225	576.0	612.0	792.0	846.0	1	0	352	354	
226	612.0	648.0	792.0	846.0	1	0	353	354	
227	522.0	576.0	756.0	792.0	1	0	355	356	
228	522.0	576.0	720.0	756.0	1	0	356	357	
229	288.0	360.0	1008.0	1080.0	1	1	316	323	358	359	
230	360.0	504.0	1008.0	1080.0	1	1	318	319	328	331	358	
231	504.0	648.0	1008.0	1080.0	1	1	320	321	334	337	360	
232	288.0	360.0	864.0	1008.0	1	1	324	325	330	341	359	
233	288.0	360.0	720.0	864.0	1	1	326	327	344	347	361	
234	432.0	576.0	792.0	936.0	1	1	333	336	340	343	349	350	352	355	363	364	
235	576.0	648.0	846.0	864.0	1	1	362	363	
236	504.0	522.0	720.0	792.0	1	1	364	365	
237	1080.0	1368.0	1080.0	1368.0	1	0	367	372	
238	1008.0	1080.0	1080.0	1224.0	1	0	366	367	
239	936.0	1008.0	1080.0	1224.0	1	0	368	
240	864.0	936.0	1080.0	1224.0	1	0	369	
241	792.0	864.0	1080.0	1224.0	1	0	370	
242	720.0	792.0	1080.0	1224.0	1	0	371	
243	1080.0	1224.0	1008.0	1080.0	1	0	372	373	
244	1080.0	1224.0	936.0	1008.0	1	0	374	
245	1080.0	1224.0	864.0	936.0	1	0	375	
246	1080.0	1224.0	792.0	864.0	1	0	376	
247	1080.0	1224.0	720.0	792.0	1	0	377	
248	936.0	1008.0	936.0	1008.0	1	0	378	379	380	389	
249	864.0	936.0	936.0	1008.0	1	0	379	381	382	383	
250	792.0	864.0	936.0	1008.0	1	0	382	384	385	386	
251	720.0	792.0	936.0	1008.0	1	0	385	387	388	
252	936.0	1008.0	864.0	936.0	1	0	389	390	391	392	
253	936.0	1008.0	792.0	864.0	1	0	392	393	394	395	
254	936.0	1008.0	720.0	792.0	1	0	395	396	397	
255	720.0	792.0	864.0	936.0	1	0	398	399	
256	864.0	936.0	720.0	792.0	1	0	400	401	
257	756.0	792.0	792.0	846.0	1	0	402	404	
258	720.0	756.0	792.0	846.0	1	0	403	404	
259	792.0	846.0	756.0	792.0	1	0	405	406	
260	792.0	846.0	720.0	756.0	1	0	406	407	
261	1008.0	1080.0	1008.0	1080.0	1	1	366	373	408	409	
262	864.0	1008.0	1008.0	1080.0	1	1	368	369	378	381	408	
263	720.0	864.0	1008.0	1080.0	1	1	370	371	384	387	410	
264	1008.0	1080.0	864.0	1008.0	1	1	374	375	380	391	409	
265	1008.0	1080.0	720.0	864.0	1	1	376	377	394	397	411	
266	792.0	936.0	792.0	936.0	1	1	383	386	390	393	399	400	402	405	413	414	
267	720.0	792.0	846.0	864.0	1	1	412	413	
268	846.0	864.0	720.0	792.0	1	1	414	415	
269	648.0	720.0	288.0	360.0	1	1	260	310	416	417	
270	648.0	720.0	360.0	576.0	1	1	238	248	253	262	288	298	303	312	417	418	
271	576.0	792.0	576.0	792.0	1	1	418	419	420	424	
272	648.0	720.0	792.0	1008.0	1	1	338	348	353	362	388	398	403	412	420	421	
273	648.0	720.0	1008.0	1080.0	1	1	360	410	421	427	
274	288.0	360.0	648.0	720.0	1	1	261	361	422	423	
275	360.0	576.0	648.0	720.0	1	1	246	251	257	265	346	351	357	365	419	423	
276	792.0	1008.0	648.0	720.0	1	1	296	301	307	315	396	401	407	415	424	425	
277	1008.0	1080.0	648.0	720.0	1	1	311	411	425	431	
278	648.0	720.0	144.0	288.0	1	3	416	426	642	1080	1088	1089	1090	
279	648.0	720.0	1080.0	1224.0	1	3	427	428	644	1084	1091	1092	1093	
280	144.0	288.0	648.0	720.0	1	2	422	429	645	
281	1080.0	1224.0	648.0	720.0	1	2	430	431	646	
282	0.0	288.0	0.0	288.0	2	0	433	438	
283	288.0	360.0	144.0	288.0	2	0	432	433	
284	360.0	432.0	144.0	288.0	2	0	434	
285	432.0	504.0	144.0	288.0	2	0	435	
286	504.0	576.0	144.0	288.0	2	0	436	
287	576.0	648.0	144.0	288.0	2	0	437	
288	144.0	288.0	288.0	360.0	2	0	438	439	
289	144.0	288.0	360.0	432.0	2	0	440	
290	144.0	288.0	432.0	504.0	2	0	441	
291	144.0	288.0	504.0	576.0	2	0	442	
292	144.0	288.0	576.0	648.0	2	0	443	
293	360.0	432.0	360.0	432.0	2	0	444	445	446	455	
294	432.0	504.0	360.0	432.0	2	0	445	447	448	449	
295	504.0	576.0	360.0	432.0	2	0	448	450	451	452	
296	576.0	648.0	360.0	432.0	2	0	451	453	454	
297	360.0	432.0	432.0	504.0	2	0	455	456	457	458	
298	360.0	432.0	504.0	576.0	2	0	458	459	460	461	
299	360.0	432.0	576.0	648.0	2	0	461	462	463	
300	576.0	648.0	432.0	504.0	2	0	464	465	
301	432.0	504.0	576.0	648.0	2	0	466	467	
302	576.0	612.0	522.0	576.0	2	0	468	470	
303	612.0	648.0	522.0	576.0	2	0	469	470	
304	522.0	576.0	576.0	612.0	2	0	471	472	
305	522.0	576.0	612.0	648.0	2	0	472	473	
306	288.0	360.0	288.0	360.0	2	1	432	439	474	475	
307	360.0	504.0	288.0	360.0	2	1	434	435	444	447	474	
308	504.0	648.0	288.0	360.0	2	1	436	437	450	453	476	
309	288.0	360.0	360.0	504.0	2	1	440	441	446	457	475	
310	288.0	360.0	504.0	648.0	2	1	442	443	460	463	477	
311	432.0	576.0	432.0	576.0	2	1	449	452	456	459	465	466	468	471	479	480	
312	576.0	648.0	504.0	522.0	2	1	478	479	
313	504.0	522.0	576.0	648.0	2	1	480	481	
314	1080.0	1368.0	0.0	288.0	2	0	483	488	
315	1008.0	1080.0	144.0	288.0	2	0	482	483	
316	936.0	1008.0	144.0	288.0	2	0	484	
317	864.0	936.0	144.0	288.0	2	0	485	
318	792.0	864.0	144.0	288.0	2	0	486	
319	720.0	792.0	144.0	288.0	2	0	487	
320	1080.0	1224.0	288.0	360.0	2	0	488	489	
321	1080.0	1224.0	360.0	432.0	2	0	490	
322	1080.0	1224.0	432.0	504.0	2	0	491	
323	1080.0	1224.0	504.0	576.0	2	0	492	
324	1080.0	1224.0	576.0	648.0	2	0	493	
325	936.0	1008.0	360.0	432.0	2	0	494	495	496	505	
326	864.0	936.0	360.0	432.0	2	0	495	497	498	499	
327	792.0	864.0	360.0	432.0	2	0	498	500	501	502	
328	720.0	792.0	360.0	432.0	2	0	501	503	504	
329	936.0	1008.0	432.0	504.0	2	0	505	506	507	508	
330	936.0	1008.0	504.0	576.0	2	0	508	509	510	511	
331	936.0	1008.0	576.0	648.0	2	0	511	512	513	
332	720.0	792.0	432.0	504.0	2	0	514	515	
333	864.0	936.0	576.0	648.0	2	0	516	517	
334	756.0	792.0	522.0	576.0	2	0	518	520	
335	720.0	756.0	522.0	576.0	2	0	519	520	
336	792.0	846.0	576.0	612.0	2	0	521	522	
337	792.0	846.0	612.0	648.0	2	0	522	523	
338	1008.0	1080.0	288.0	360.0	2	1	482	489	524	525	
339	864.0	1008.0	288.0	360.0	2	1	484	485	494	497	524	
340	720.0	864.0	288.0	360.0	2	1	486	487	500	503	526	
341	1008.0	1080.0	360.0	504.0	2	1	490	491	496	507	525	
342	1008.0	1080.0	504.0	648.0	2	1	492	493	510	513	527	
343	792.0	936.0	432.0	576.0	2	1	499	502	506	509	515	516	518	521	529	530	
344	720.0	792.0	504.0	522.0	2	1	528	529	
345	846.0	864.0	576.0	648.0	2	1	530	531	
346	0.0	288.0	1080.0	1368.0	2	0	533	538	
347	288.0	360.0	1080.0	1224.0	2	0	532	533	
348	360.0	432.0	1080.0	1224.0	2	0	534	
349	432.0	504.0	1080.0	1224.0	2	0	535	
350	504.0	576.0	1080.0	1224.0	2	0	536	
351	576.0	648.0	1080.0	1224.0	2	0	537	
352	144.0	288.0	1008.0	1080.0	2	0	538	539	
353	144.0	288.0	936.0	1008.0	2	0	540	
354	144.0	288.0	864.0	936.0	2	0	541	
355	144.0	288.0	792.0	864.0	2	0	542	
356	144.0	288.0	720.0	792.0	2	0	543	
357	360.0	432.0	936.0	1008.0	2	0	544	545	546	555	
358	432.0	504.0	936.0	1008.0	2	0	545	547	548	549	
359	504.0	576.0	936.0	1008.0	2	0	548	550	551	552	
360	576.0	648.0	936.0	1008.0	2	0	551	553	554	
361	360.0	432.0	864.0	936.0	2	0	555	556	557	558	
362	360.0	432.0	792.0	864.0	2	0	558	559	560	561	
363	360.0	432.0	720.0	792.0	2	0	561	562	563	
364	576.0	648.0	864.0	936.0	2	0	564	565	
365	432.0	504.0	720.0	792.0	2	0	566	567	
366	576.0	612.0	792.0	846.0	2	0	568	570	
367	612.0	648.0	792.0	846.0	2	0	569	570	
368	522.0	576.0	756.0	792.0	2	0	571	572	
369	522.0	576.0	720.0	756.0	2	0	572	573	
370	288.0	360.0	1008.0	1080.0	2	1	532	539	574	575	
371	360.0	504.0	1008.0	1080.0	2	1	534	535	544	547	574	
372	504.0	648.0	1008.0	1080.0	2	1	536	537	550	553	576	
373	288.0	360.0	864.0	1008.0	2	1	540	541	546	557	575	
374	288.0	360.0	720.0	864.0	2	1	542	543	560	563	577	
375	432.0	576.0	792.0	936.0	2	1	549	552	556	559	565	566	568	571	579	580	
376	576.0	648.0	846.0	864.0	2	1	578	579	
377	504.0	522.0	720.0	792.0	2	1	580	581	
378	1080.0	1368.0	1080.0	1368.0	2	0	583	588	
379	1008.0	1080.0	1080.0	1224.0	2	0	582	583	
380	936.0	1008.0	1080.0	1224.0	2	0	584	
381	864.0	936.0	1080.0	1224.0	2	0	585	
382	792.0	864.0	1080.0	1224.0	2	0	586	
383	720.0	792.0	1080.0	1224.0	2	0	587	
384	1080.0	1224.0	1008.0	1080.0	2	0	588	589	
385	1080.0	1224.0	936.0	1008.0	2	0	590	
386	1080.0	1224.0	864.0	936.0	2	0	591	
387	1080.0	1224.0	792.0	864.0	2	0	592	
388	1080.0	1224.0	720.0	792.0	2	0	593	
389	936.0	1008.0	936.0	1008.0	2	0	594	595	596	605	
390	864.0	936.0	936.0	1008.0	2	0	595	597	598	599	
391	792.0	864.0	936.0	1008.0	2	0	598	600	601	602	
392	720.0	792.0	936.0	1008.0	2	0	601	603	604	
393	936.0	1008.0	864.0	936.0	2	0	605	606	607	608	
394	936.0	1008.0	792.0	864.0	2	0	608	609	610	611	
395	936.0	1008.0	720.0	792.0	2	0	611	612	613	
396	720.0	792.0	864.0	936.0	2	0	614	615	
397	864.0	936.0	720.0	792.0	2	0	616	617	
398	756.0	792.0	792.0	846.0	2	0	618	620	
399	720.0	756.0	792.0	846.0	2	0	619	620	
400	792.0	846.0	756.0	792.0	2	0	621	622	
401	792.0	846.0	720.0	756.0	2	0	622	623	
402	1008.0	1080.0	1008.0	1080.0	2	1	582	589	624	625	
403	864.0	1008.0	1008.0	1080.0	2	1	584	585	594	597	624	
404	720.0	864.0	1008.0	1080.0	2	1	586	587	600	603	626	
405	1008.0	1080.0	864.0	1008.0	2	1	590	591	596	607	625	
406	1008.0	1080.0	720.0	864.0	2	1	592	593	610	613	627	
407	792.0	936.0	792.0	936.0	2	1	599	602	606	609	615	616	618	621	629	630	
408	720.0	792.0	846.0	864.0	2	1	628	629	
409	846.0	864.0	720.0	792.0	2	1	630	631	
410	648.0	720.0	288.0	360.0	2	1	476	526	632	633	
411	648.0	720.0	360.0	576.0	2	1	454	464	469	478	504	514	519	528	633	634	
412	576.0	792.0	576.0	792.0	2	1	634	635	636	640	
413	648.0	720.0	792.0	1008.0	2	1	554	564	569	578	604	614	619	628	636	637	
414	648.0	720.0	1008.0	1080.0	2	1	576	626	637	643	
415	288.0	360.0	648.0	720.0	2	1	477	577	638	639	
416	360.0	576.0	648.0	720.0	2	1	462	467	473	481	562	567	573	581	635	639	
417	792.0	1008.0	648.0	720.0	2	1	512	517	523	531	612	617	623	631	640	641	
418	1008.0	1080.0	648.0	720.0	2	1	527	627	641	647	
419	648.0	720.0	144.0	288.0	2	3	632	642	858	1081	1088	1094	1095	
420	648.0	720.0	1080.0	1224.0	2	3	643	644	860	1085	1091	1096	1097	
421	144.0	288.0	648.0	720.0	2	2	638	645	861	
422	1080.0	1224.0	648.0	720.0	2	2	646	647	862	
423	0.0	288.0	0.0	288.0	3	0	649	654	
424	288.0	360.0	144.0	288.0	3	0	648	649	
425	360.0	432.0	144.0	288.0	3	0	650	
426	432.0	504.0	144.0	288.0	3	0	651	
427	504.0	576.0	144.0	288.0	3	0	652	
428	576.0	648.0	144.0	288.0	3	0	653	
429	144.0	288.0	288.0	360.0	3	0	654	655	
430	144.0	288.0	360.0	432.0	3	0	656	
431	144.0	288.0	432.0	504.0	3	0	657	
432	144.0	288.0	504.0	576.0	3	0	658	
433	144.0	288.0	576.0	648.0	3	0	659	
434	360.0	432.0	360.0	432.0	3	0	660	661	662	671	
435	432.0	504.0	360.0	432.0	3	0	661	663	664	665	
436	504.0	576.0	360.0	432.0	3	0	664	666	667	668	
437	576.0	648.0	360.0	432.0	3	0	667	669	670	
438	360.0	432.0	432.0	504.0	3	0	671	672	673	674	
439	360.0	432.0	504.0	576.0	3	0	674	675	676	677	
440	360.0	432.0	576.0	648.0	3	0	677	678	679	
441	576.0	648.0	432.0	504.0	3	0	680	681	
442	432.0	504.0	576.0	648.0	3	0	682	683	
443	576.0	612.0	522.0	576.0	3	0	684	686	
444	612.0	648.0	522.0	576.0	3	0	685	686	
445	522.0	576.0	576.0	612.0	3	0	687	688	
446	522.0	576.0	612.0	648.0	3	0	688	689	
447	288.0	360.0	288.0	360.0	3	1	648	655	690	691	
448	360.0	504.0	288.0	360.0	3	1	650	651	660	663	690	
449	504.0	648.0	288.0	360.0	3	1	652	653	666	669	692	
450	288.0	360.0	360.0	504.0	3	1	656	657	662	673	691	
451	288.0	360.0	504.0	648.0	3	1	658	659	676	679	693	
452	432.0	576.0	432.0	576.0	3	1	665	668	672	675	681	682	684	687	695	696	
453	576.0	648.0	504.0	522.0	3	1	694	695	
454	504.0	522.0	576.0	648.0	3	1	696	697	
455	1080.0	1368.0	0.0	288.0	3	0	699	704	
456	1008.0	1080.0	144.0	288.0	3	0	698	699	
457	936.0	1008.0	144.0	288.0	3	0	700	
458	864.0	936.0	144.0	288.0	3	0	701	
459	792.0	864.0	144.0	288.0	3	0	702	
460	720.0	792.0	144.0	288.0	3	0	703	
461	1080.0	1224.0	288.0	360.0	3	0	704	705	
462	1080.0	1224.0	360.0	432.0	3	0	706	
463	1080.0	1224.0	432.0	504.0	3	0	707	
464	1080.0	1224.0	504.0	576.0	3	0	708	
465	1080.0	1224.0	576.0	648.0	3	0	709	
466	936.0	1008.0	360.0	432.0	3	0	710	711	712	721	
467	864.0	936.0	360.0	432.0	3	0	711	713	714	715	
468	792.0	864.0	360.0	432.0	3	0	714	716	717	718	
469	720.0	792.0	360.0	432.0	3	0	717	719	720	
470	936.0	1008.0	432.0	504.0	3	0	721	722	723	724	
471	936.0	1008.0	504.0	576.0	3	0	724	725	726	727	
472	936.0	1008.0	576.0	648.0	3	0	727	728	729	
473	720.0	792.0	432.0	504.0	3	0	730	731	
474	864.0	936.0	576.0	648.0	3	0	732	733	
475	756.0	792.0	522.0	576.0	3	0	734	736	
476	720.0	756.0	522.0	576.0	3	0	735	736	
477	792.0	846.0	576.0	612.0	3	0	737	738	
478	792.0	846.0	612.0	648.0	3	0	738	739	
479	1008.0	1080.0	288.0	360.0	3	1	698	705	740	741	
480	864.0	1008.0	288.0	360.0	3	1	700	701	710	713	740	
481	720.0	864.0	288.0	360.0	3	1	702	703	716	719	742	
482	1008.0	1080.0	360.0	504.0	3	1	706	707	712	723	741	
483	1008.0	1080.0	504.0	648.0	3	1	708	709	726	729	743	
484	792.0	936.0	432.0	576.0	3	1	715	718	722	725	731	732	734	737	745	746	
485	720.0	792.0	504.0	522.0	3	1	744	745	
486	846.0	864.0	576.0	648.0	3	1	746	747	
487	0.0	288.0	1080.0	1368.0	3	0	749	754	
488	288.0	360.0	1080.0	1224.0	3	0	748	749	
489	360.0	432.0	1080.0	1224.0	3	0	750	
490	432.0	504.0	1080.0	1224.0	3	0	751	
491	504.0	576.0	1080.0	1224.0	3	0	752	
492	576.0	648.0	1080.0	1224.0	3	0	753	
493	144.0	288.0	1008.0	1080.0	3	0	754	755	
494	144.0	288.0	936.0	1008.0	3	0	756	
495	144.0	288.0	864.0	936.0	3	0	757	
496	144.0	288.0	792.0	864.0	3	0	758	
497	144.0	288.0	720.0	792.0	3	0	759	
498	360.0	432.0	936.0	1008.0	3	0	760	761	762	771	
499	432.0	504.0	936.0	1008.0	3	0	761	763	764	765	
500	504.0	576.0	936.0	1008.0	3	0	764	766	767	768	
501	576.0	648.0	936.0	1008.0	3	0	767	769	770	
502	360.0	432.0	864.0	936.0	3	0	771	772	773	774	
503	360.0	432.0	792.0	864.0	3	0	774	775	776	777	
504	360.0	432.0	720.0	792.0	3	0	777	778	779	
505	576.0	648.0	864.0	936.0	3	0	780	781	
506	432.0	504.0	720.0	792.0	3	0	782	783	
507	576.0	612.0	792.0	846.0	3	0	784	786	
508	612.0	648.0	792.0	846.0	3	0	785	786	
509	522.0	576.0	756.0	792.0	3	0	787	788	
510	522.0	576.0	720.0	756.0	3	0	788	789	
511	288.0	360.0	1008.0	1080.0	3	1	748	755	790	791	
512	360.0	504.0	1008.0	1080.0	3	1	750	751	760	763	790	
513	504.0	648.0	1008.0	1080.0	3	1	752	753	766	769	792	
514	288.0	360.0	864.0	1008.0	3	1	756	757	762	773	791	
515	288.0	360.0	720.0	864.0	3	1	758	759	776	779	793	
516	432.0	576.0	792.0	936.0	3	1	765	768	772	775	781	782	784	787	795	796	
517	576.0	648.0	846.0	864.0	3	1	794	795	
518	504.0	522.0	720.0	792.0	3	1	796	797	
519	1080.0	1368.0	1080.0	1368.0	3	0	799	804	
520	1008.0	1080.0	1080.0	1224.0	3	0	798	799	
521	936.0	1008.0	1080.0	1224.0	3	0	800	
522	864.0	936.0	1080.0	1224.0	3	0	801	
523	792.0	864.0	1080.0	1224.0	3	0	802	
524	720.0	792.0	1080.0	1224.0	3	0	803	
525	1080.0	1224.0	1008.0	1080.0	3	0	804	805	
526	1080.0	1224.0	936.0	1008.0	3	0	806	
527	1080.0	1224.0	864.0	936.0	3	0	807	
528	1080.0	1224.0	792.0	864.0	3	0	808	
529	1080.0	1224.0	720.0	792.0	3	0	809	
530	936.0	1008.0	936.0	1008.0	3	0	810	811	812	821	
531	864.0	936.0	936.0	1008.0	3	0	811	813	814	815	
532	792.0	864.0	936.0	1008.0	3	0	814	816	817	818	
533	720.0	792.0	936.0	1008.0	3	0	817	819	820	
534	936.0	1008.0	864.0	936.0	3	0	821	822	823	824	
535	936.0	1008.0	792.0	864.0	3	0	824	825	826	827	
536	936.0	1008.0	720.0	792.0	3	0	827	828	829	
537	720.0	792.0	864.0	936.0	3	0	830	831	
538	864.0	936.0	720.0	792.0	3	0	832	833	
539	756.0	792.0	792.0	846.0	3	0	834	836	
540	720.0	756.0	792.0	846.0	3	0	835	836	
541	792.0	846.0	756.0	792.0	3	0	837	838	
542	792.0	846.0	720.0	756.0	3	0	838	839	
543	1008.0	1080.0	1008.0	1080.0	3	1	798	805	840	841	
544	864.0	1008.0	1008.0	1080.0	3	1	800	801	810	813	840	
545	720.0	864.0	1008.0	1080.0	3	1	802	803	816	819	842	
546	1008.0	1080.0	864.0	1008.0	3	1	806	807	812	823	841	
547	1008.0	1080.0	720.0	864.0	3	1	808	809	826	829	843	
548	792.0	936.0	792.0	936.0	3	1	815	818	822	825	831	832	834	837	845	846	
549	720.0	792.0	846.0	864.0	3	1	844	845	
550	846.0	864.0	720.0	792.0	3	1	846	847	
551	648.0	720.0	288.0	360.0	3	1	692	742	848	849	
552	648.0	720.0	360.0	576.0	3	1	670	680	685	694	720	730	735	744	849	850	
553	576.0	792.0	576.0	792.0	3	1	850	851	852	856	
554	648.0	720.0	792.0	1008.0	3	1	770	780	785	794	820	830	835	844	852	853	
555	648.0	720.0	1008.0	1080.0	3	1	792	842	853	859	
556	288.0	360.0	648.0	720.0	3	1	693	793	854	855	
557	360.0	576.0	648.0	720.0	3	1	678	683	689	697	778	783	789	797	851	855	
558	792.0	1008.0	648.0	720.0	3	1	728	733	739	747	828	833	839	847	856	857	
559	1008.0	1080.0	648.0	720.0	3	1	743	843	857	863	
560	648.0	720.0	144.0	288.0	3	3	848	858	1074	1082	1089	1094	1098	
561	648.0	720.0	1080.0	1224.0	3	3	859	860	1076	1086	1092	1096	1099	
562	144.0	288.0	648.0	720.0	3	2	854	861	1077	
563	1080.0	1224.0	648.0	720.0	3	2	862	863	1078	
564	0.0	288.0	0.0	288.0	4	0	865	870	
565	288.0	360.0	144.0	288.0	4	0	864	865	
566	360.0	432.0	144.0	288.0	4	0	866	
567	432.0	504.0	144.0	288.0	4	0	867	
568	504.0	576.0	144.0	288.0	4	0	868	
569	576.0	648.0	144.0	288.0	4	0	869	
570	144.0	288.0	288.0	360.0	4	0	870	871	
571	144.0	288.0	360.0	432.0	4	0	872	
572	144.0	288.0	432.0	504.0	4	0	873	
573	144.0	288.0	504.0	576.0	4	0	874	
574	144.0	288.0	576.0	648.0	4	0	875	
575	360.0	432.0	360.0	432.0	4	0	876	877	878	887	
576	432.0	504.0	360.0	432.0	4	0	877	879	880	881	
577	504.0	576.0	360.0	432.0	4	0	880	882	883	884	
578	576.0	648.0	360.0	432.0	4	0	883	885	886	
579	360.0	432.0	432.0	504.0	4	0	887	888	889	890	
580	360.0	432.0	504.0	576.0	4	0	890	891	892	893	
581	360.0	432.0	576.0	648.0	4	0	893	894	895	
582	576.0	648.0	432.0	504.0	4	0	896	897	
583	432.0	504.0	576.0	648.0	4	0	898	899	
584	576.0	612.0	522.0	576.0	4	0	900	902	
585	612.0	648.0	522.0	576.0	4	0	901	902	
586	522.0	576.0	576.0	612.0	4	0	903	904	
587	522.0	576.0	612.0	648.0	4	0	904	905	
588	288.0	360.0	288.0	360.0	4	1	864	871	906	907	
589	360.0	504.0	288.0	360.0	4	1	866	867	876	879	906	
590	504.0	648.0	288.0	360.0	4	1	868	869	882	885	908	
591	288.0	360.0	360.0	504.0	4	1	872	873	878	889	907	
592	288.0	360.0	504.0	648.0	4	1	874	875	892	895	909	
593	432.0	576.0	432.0	576.0	4	1	881	884	888	891	897	898	900	903	911	912	
594	576.0	648.0	504.0	522.0	4	1	910	911	
595	504.0	522.0	576.0	648.0	4	1	912	913	
596	1080.0	1368.0	0.0	288.0	4	0	915	920	
597	1008.0	1080.0	144.0	288.0	4	0	914	915	
598	936.0	1008.0	144.0	288.0	4	0	916	
599	864.0	936.0	144.0	288.0	4	0	917	
600	792.0	864.0	144.0	288.0	4	0	918	
601	720.0	792.0	144.0	288.0	4	0	919	
602	1080.0	1224.0	288.0	360.0	4	0	920	921	
603	1080.0	1224.0	360.0	432.0	4	0	922	
604	1080.0	1224.0	432.0	504.0	4	0	923	
605	1080.0	1224.0	504.0	576.0	4	0	924	
606	1080.0	1224.0	576.0	648.0	4	0	925	
607	936.0	1008.0	360.0	432.0	4	0	926	927	928	937	
608	864.0	936.0	360.0	432.0	4	0	927	929	930	931	
609	792.0	864.0	360.0	432.0	4	0	930	932	933	934	
610	720.0	792.0	360.0	432.0	4	0	933	935	936	
611	936.0	1008.0	432.0	504.0	4	0	937	938	939	940	
612	936.0	1008.0	504.0	576.0	4	0	940	941	942	943	
613	936.0	1008.0	576.0	648.0	4	0	943	944	945	
614	720.0	792.0	432.0	504.0	4	0	946	947	
615	864.0	936.0	576.0	648.0	4	0	948	949	
616	756.0	792.0	522.0	576.0	4	0	950	952	
617	720.0	756.0	522.0	576.0	4	0	951	952	
618	792.0	846.0	576.0	612.0	4	0	953	954	
619	792.0	846.0	612.0	648.0	4	0	954	955	
620	1008.0	1080.0	288.0	360.0	4	1	914	921	956	957	
621	864.0	1008.0	288.0	360.0	4	1	916	917	926	929	956	
622	720.0	864.0	288.0	360.0	4	1	918	919	932	935	958	
623	1008.0	1080.0	360.0	504.0	4	1	922	923	928	939	957	
624	1008.0	1080.0	504.0	648.0	4	1	924	925	942	945	959	
625	792.0	936.0	432.0	576.0	4	1	931	934	938	941	947	948	950	953	961	962	
626	720.0	792.0	504.0	522.0	4	1	960	961	
627	846.0	864.0	576.0	648.0	4	1	962	963	
628	0.0	288.0	1080.0	1368.0	4	0	965	970	
629	288.0	360.0	1080.0	1224.0	4	0	964	965	
630	360.0	432.0	1080.0	1224.0	4	0	966	
631	432.0	504.0	1080.0	1224.0	4	0	967	
632	504.0	576.0	1080.0	1224.0	4	0	968	
633	576.0	648.0	1080.0	1224.0	4	0	969	
634	144.0	288.0	1008.0	1080.0	4	0	970	971	
635	144.0	288.0	936.0	1008.0	4	0	972	
636	144.0	288.0	864.0	936.0	4	0	973	
637	144.0	288.0	792.0	864.0	4	0	974	
638	144.0	288.0	720.0	792.0	4	0	975	
639	360.0	432.0	936.0	1008.0	4	0	976	977	978	987	
640	432.0	504.0	936.0	1008.0	4	0	977	979	980	981	
641	504.0	576.0	936.0	1008.0	4	0	980	982	983	984	
642	576.0	648.0	936.0	1008.0	4	0	983	985	986	
643	360.0	432.0	864.0	936.0	4	0	987	988	989	990	
644	360.0	432.0	792.0	864.0	4	0	990	991	992	993	
645	360.0	432.0	720.0	792.0	4	0	993	994	995	
646	576.0	648.0	864.0	936.0	4	0	996	997	
647	432.0	504.0	720.0	792.0	4	0	998	999	
648	576.0	612.0	792.0	846.0	4	0	1000	1002	
649	612.0	648.0	792.0	846.0	4	0	1001	1002	
650	522.0	576.0	756.0	792.0	4	0	1003	1004	
651	522.0	576.0	720.0	756.0	4	0	1004	1005	
652	288.0	360.0	1008.0	1080.0	4	1	964	971	1006	1007	
653	360.0	504.0	1008.0	1080.0	4	1	966	967	976	979	1006	
654	504.0	648.0	1008.0	1080.0	4	1	968	969	982	985	1008	
655	288.0	360.0	864.0	1008.0	4	1	972	973	978	989	1007	
656	288.0	360.0	720.0	864.0	4	1	974	975	992	995	1009	
657	432.0	576.0	792.0	936.0	4	1	981	984	988	991	997	998	1000	1003	1011	1012	
658	576.0	648.0	846.0	864.0	4	1	1010	1011	
659	504.0	522.0	720.0	792.0	4	1	1012	1013	
660	1080.0	1368.0	1080.0	1368.0	4	0	1015	1020	
661	1008.0	1080.0	1080.0	1224.0	4	0	1014	1015	
662	936.0	1008.0	1080.0	1224.0	4	0	1016	
663	864.0	936.0	1080.0	1224.0	4	0	1017	
664	792.0	864.0	1080.0	1224.0	4	0	1018	
665	720.0	792.0	1080.0	1224.0	4	0	1019	
666	1080.0	1224.0	1008.0	1080.0	4	0	1020	1021	
667	1080.0	1224.0	936.0	1008.0	4	0	1022	
668	1080.0	1224.0	864.0	936.0	4	0	1023	
669	1080.0	1224.0	792.0	864.0	4	0	1024	
670	1080.0	1224.0	720.0	792.0	4	0	1025	
671	936.0	1008.0	936.0	1008.0	4	0	1026	1027	1028	1037	
672	864.0	936.0	936.0	1008.0	4	0	1027	1029	1030	1031	
673	792.0	864.0	936.0	1008.0	4	0	1030	1032	1033	1034	
674	720.0	792.0	936.0	1008.0	4	0	1033	1035	1036	
675	936.0	1008.0	864.0	936.0	4	0	1037	1038	1039	1040	
676	936.0	1008.0	792.0	864.0	4	0	1040	1041	1042	1043	
677	936.0	1008.0	720.0	792.0	4	0	1043	1044	1045	
678	720.0	792.0	864.0	936.0	4	0	1046	1047	
679	864.0	936.0	720.0	792.0	4	0	1048	1049	
680	756.0	792.0	792.0	846.0	4	0	1050	1052	
681	720.0	756.0	792.0	846.0	4	0	1051	1052	
682	792.0	846.0	756.0	792.0	4	0	1053	1054	
683	792.0	846.0	720.0	756.0	4	0	1054	1055	
684	1008.0	1080.0	1008.0	1080.0	4	1	1014	1021	1056	1057	
685	864.0	1008.0	1008.0	1080.0	4	1	1016	1017	1026	1029	1056	
686	720.0	864.0	1008.0	1080.0	4	1	1018	1019	1032	1035	1058	
687	1008.0	1080.0	864.0	1008.0	4	1	1022	1023	1028	1039	1057	
688	1008.0	1080.0	720.0	864.0	4	1	1024	1025	1042	1045	1059	
689	792.0	936.0	792.0	936.0	4	1	1031	1034	1038	1041	1047	1048	1050	1053	1061	1062	
690	720.0	792.0	846.0	864.0	4	1	1060	1061	
691	846.0	864.0	720.0	792.0	4	1	1062	1063	
692	648.0	720.0	288.0	360.0	4	1	908	958	1064	1065	
693	648.0	720.0	360.0	576.0	4	1	886	896	901	910	936	946	951	960	1065	1066	
694	576.0	792.0	576.0	792.0	4	1	1066	1067	1068	1072	
695	648.0	720.0	792.0	1008.0	4	1	986	996	1001	1010	1036	1046	1051	1060	1068	1069	
696	648.0	720.0	1008.0	1080.0	4	1	1008	1058	1069	1075	
697	288.0	360.0	648.0	720.0	4	1	909	1009	1070	1071	
698	360.0	576.0	648.0	720.0	4	1	894	899	905	913	994	999	1005	1013	1067	1071	
699	792.0	1008.0	648.0	720.0	4	1	944	949	955	963	1044	1049	1055	1063	1072	1073	
700	1008.0	1080.0	648.0	720.0	4	1	959	1059	1073	1079	
701	648.0	720.0	144.0	288.0	4	3	1064	1074	1083	1090	1095	1098	
702	648.0	720.0	1080.0	1224.0	4	3	1075	1076	1087	1093	1097	1099	
703	144.0	288.0	648.0	720.0	4	2	1070	1077	
704	1080.0	1224.0	648.0	720.0	4	2	1078	1079	
