1	354	470	
2	354	470	
3	354	470	
4	212	470	
5	354	
6	0	3	157	196	295	317	386	392	470	608	678	
7	470	
8	354	470	
9	354	470	
10	354	470	
11	354	470	
12	354	
13	354	470	
14	354	470	
15	354	470	
16	9	196	226	304	355	384	459	470	525	615	647	678	
17	354	
18	354	470	
19	23	354	424	438	470	
20	354	470	
21	347	354	470	678	
22	470	
23	153	325	354	470	
24	470	
25	52	217	315	354	435	464	471	493	
26	354	470	
27	
28	258	674	
29	10	146	237	239	252	366	505	542	564	573	579	617	651	681	
30	579	
31	253	
32	253	
33	253	
34	253	
35	66	253	393	
36	253	
37	
38	
39	364	
40	43	212	217	522	
41	
42	3	675	
43	
44	66	283	314	329	347	438	522	523	537	575	612	613	
45	35	669	679	
46	567	
47	
48	79	
49	
50	
51	
52	
53	
54	
55	
56	363	429	477	662	
57	
58	9	335	363	424	525	
59	9	36	326	525	
60	
61	
62	68	
63	68	
64	68	
65	68	
66	68	
67	68	
68	68	
69	68	
70	68	
71	68	
72	
73	
74	
75	
76	
77	302	380	
78	
79	157	401	610	
80	464	
81	355	464	
82	113	465	
83	3	464	
84	464	
85	464	
86	258	324	444	464	
87	1	21	212	291	380	444	464	471	577	
88	
89	
90	
91	
92	587	
93	
94	77	661	
95	
96	
97	
98	
99	677	
100	
101	
102	299	502	
103	
104	
105	
106	
107	
108	
109	
110	
111	
112	
113	
114	
115	
116	
117	
118	161	183	363	663	
119	216	258	
120	364	
121	106	
122	
123	490	
124	
125	
126	
127	
128	117	398	
129	117	398	
130	398	
131	117	398	
132	117	398	
133	117	
134	184	
135	
136	
137	47	184	
138	47	184	
139	47	184	
140	47	184	
141	605	
142	605	
143	50	605	
144	64	113	223	228	386	429	465	605	
145	113	283	438	465	537	610	613	666	671	
146	66	605	
147	118	605	
148	35	48	52	67	74	114	147	154	185	195	241	285	289	322	382	395	462	492	495	524	574	580	581	585	600	606	649	664	681	
149	52	619	
150	
151	52	
152	69	86	527	
153	
154	
155	
156	185	492	508	607	
157	35	182	206	350	427	569	
158	348	
159	
160	
161	500	
162	116	494	
163	
164	
165	
166	
167	
168	66	217	392	393	396	438	523	671	
169	153	283	438	
170	283	438	
171	438	
172	45	257	283	438	
173	
174	
175	
176	
177	
178	
179	
180	
181	
182	
183	
184	23	355	360	536	598	
185	
186	505	
187	
188	
189	
190	
191	
192	
193	
194	
195	
196	221	
197	
198	
199	3	
200	
201	9	223	303	363	383	424	525	677	
202	
203	
204	
205	
206	
207	
208	
209	537	
210	537	
211	
212	537	
213	399	
214	
215	357	617	
216	
217	
218	
219	
220	527	
221	
222	
223	
224	
225	532	
226	
227	36	678	
228	
229	
230	612	
231	
232	153	
233	153	
234	153	
235	153	
236	153	
237	
238	324	
239	
240	
241	
242	613	
243	
244	
245	
246	
247	436	
248	436	
249	
250	469	598	
251	
252	
253	15	208	368	456	521	533	
254	
255	
256	
257	
258	
259	522	
260	
261	
262	522	
263	522	
264	522	
265	
266	111	522	
267	
268	522	
269	
270	325	
271	
272	35	74	154	185	239	289	380	492	508	510	607	633	651	681	
273	
274	66	111	157	393	
275	
276	304	
277	3	36	113	212	255	356	465	612	615	666	
278	
279	
280	346	363	428	609	
281	314	
282	
283	
284	
285	
286	161	
287	
288	161	
289	
290	
291	
292	
293	
294	619	
295	
296	
297	
298	
299	43	217	363	
300	615	
301	
302	
303	246	
304	14	45	209	217	459	678	
305	
306	
307	
308	
309	
310	
311	
312	
313	
314	
315	
316	
317	36	246	610	615	
318	
319	
320	
321	
322	
323	
324	
325	
326	
327	386	
328	348	383	583	
329	
330	508	
331	
332	
333	
334	
335	612	
336	
337	43	176	292	396	523	
338	43	217	
339	597	680	
340	
341	
342	678	
343	678	
344	
345	324	435	
346	41	364	459	647	
347	
348	
349	
350	619	
351	
352	
353	619	
354	
355	619	
356	619	
357	619	
358	
359	
360	321	
361	
362	
363	
364	
365	
366	50	325	
367	
368	477	678	
369	678	
370	678	
371	17	497	678	
372	678	
373	678	
374	
375	
376	54	152	174	635	
377	
378	
379	282	489	
380	303	
381	37	66	393	
382	
383	
384	
385	33	
386	33	
387	
388	
389	
390	
391	
392	
393	
394	
395	
396	
397	
398	
399	17	497	
400	
401	
402	
403	613	
404	
405	
406	321	
407	7	164	321	369	599	601	
408	
409	13	108	191	240	337	
410	
411	
412	
413	396	523	
414	396	
415	3	23	396	523	
416	81	396	523	615	
417	45	396	523	
418	396	523	
419	
420	36	349	393	
421	
422	
423	
424	
425	
426	434	
427	
428	
429	
430	77	223	661	
431	661	
432	661	
433	
434	66	348	393	
435	436	
436	157	
437	
438	
439	
440	
441	
442	145	
443	
444	532	
445	
446	
447	
448	
449	
450	
451	
452	
453	
454	
455	
456	
457	
458	677	
459	677	
460	677	
461	677	
462	
463	
464	
465	
466	3	
467	3	
468	3	
469	
470	3	
471	
472	
473	613	
474	
475	
476	
477	
478	
479	
480	212	
481	212	316	
482	212	
483	
484	
485	324	443	
486	
487	
488	160	387	
489	
490	
491	393	
492	
493	
494	
495	
496	
497	
498	390	
499	212	429	662	
500	12	223	360	394	477	524	600	669	679	
501	534	
502	
503	
504	66	384	393	
505	335	
506	
507	
508	
509	
510	
511	
512	
513	
514	
515	303	384	429	
516	
517	32	393	
518	666	
519	
520	
521	
522	
523	
524	
525	
526	
527	
528	
529	
530	
531	
532	
533	
534	
535	434	
536	
537	
538	316	608	
539	
540	
541	
542	325	
543	325	
544	288	380	493	
545	116	302	380	435	
546	22	325	425	
547	
548	325	493	
549	
550	
551	
552	466	
553	
554	
555	32	
556	
557	
558	
559	
560	
561	
562	
563	
564	246	
565	
566	
567	
568	
569	
570	
571	
572	
573	
574	
575	
576	
577	
578	
579	
580	
581	
582	
583	
584	
585	
586	
587	
588	
589	
590	
591	
592	45	
593	45	
594	
595	45	616	
596	
597	
598	
599	
600	
601	
602	
603	
604	
605	
606	
607	
608	
609	
610	
611	
612	
613	
614	612	
615	
616	
617	
618	
619	295	348	
620	
621	
622	
623	666	
624	66	393	
625	
626	613	
627	
628	257	
629	
630	
631	
632	
633	
634	
635	66	393	
636	66	393	
637	
638	66	393	
639	66	393	
640	66	393	
641	145	430	631	
642	
643	463	
644	22	348	425	
645	
646	
647	0	392	
648	
649	
650	
651	
652	78	210	226	
653	
654	
655	
656	436	683	
657	386	
658	
659	
660	
661	
662	
663	
664	
665	
666	282	
667	
668	152	
669	
670	
671	23	72	347	360	
672	
673	
674	
675	
676	
677	36	
678	
679	
680	
681	
682	
683	667	
684	
685	
686	
687	180	
688	180	
689	314	
690	314	
691	
692	
693	
694	336	
695	36	176	336	
696	
697	336	
698	
699	
700	
701	
702	
703	
704	
705	
706	
707	384	
708	
709	384	
710	
711	81	433	
712	433	
713	81	433	
714	81	433	
715	
716	
717	
718	
719	
720	
721	0	113	160	387	392	465	
722	
723	
724	
725	
726	671	
727	44	617	
728	
729	
730	
731	
732	
733	
734	
735	
736	
737	
738	
739	436	
740	72	436	
741	119	436	
742	436	532	
743	436	
744	436	
745	
746	
747	
748	32	329	575	
749	226	
750	489	
751	
752	
753	142	220	251	293	617	
754	
755	
756	
757	
758	
759	
760	
761	
762	
763	
764	
765	567	
766	567	
767	567	
768	380	530	567	
769	567	
770	529	
771	
772	529	
773	
774	
775	
776	
777	
778	
779	
780	
781	
782	
783	
784	
785	
786	660	
787	329	392	575	
788	598	
789	
790	
791	
792	
793	
794	246	
795	8	85	324	400	439	524	581	600	648	
796	288	539	
797	
798	
799	618	
800	
801	618	
802	
803	
804	
805	
806	
807	
808	
809	
810	
811	
812	
813	
814	50	
815	50	
816	
817	
818	
819	
820	
821	196	
822	196	
823	196	
824	15	299	502	533	574	
825	159	
826	159	
827	
828	
829	459	
830	459	
831	459	
832	459	647	
833	
834	
835	
836	434	
837	
838	70	
839	70	
840	70	
841	70	
842	
843	
844	587	
845	387	
846	160	387	
847	
848	387	
849	429	662	
850	228	429	
851	228	429	662	
852	
853	
854	683	
855	683	
856	
857	
858	
859	
860	
861	401	
862	401	
863	401	
864	
865	72	
866	
867	
868	
869	
870	
871	
872	
873	
874	
875	
876	
877	355	
878	355	
879	355	
880	226	355	424	474	
881	141	355	
882	
883	
884	304	
885	304	
886	
887	
888	
889	
890	
891	
892	
893	
894	
895	
896	
897	
898	615	
899	
900	
901	
902	
903	
904	
905	
906	
907	
908	78	
909	
910	
911	
912	
913	
914	
915	
916	
917	
918	
919	
920	
921	
922	78	
923	295	
924	360	
925	360	380	494	538	
926	303	360	
927	
928	
929	
930	
931	
932	536	
933	536	
934	536	
935	536	
936	474	534	
937	474	
938	474	534	
939	474	534	
940	474	
941	474	
942	474	534	
943	
944	
945	
946	
947	
948	329	575	
949	
950	
951	663	
952	663	
953	663	
954	
955	
956	
957	
958	
959	
960	
961	
962	
963	
964	41	
965	41	
966	
967	41	
968	41	
969	425	
970	113	425	465	
971	425	
972	380	660	
973	
974	
975	
976	
977	260	
978	
979	79	106	158	
980	260	
981	260	
982	
983	
984	
985	
986	363	424	
987	
988	
989	616	
990	
991	
992	
993	
994	
995	
996	
997	
998	
999	326	
1000	
1001	
1002	
1003	
1004	
1005	
1006	
1007	
1008	
1009	
1010	
1011	572	574	669	679	
1012	282	
1013	282	
1014	282	
1015	
1016	
1017	207	
1018	
1019	
1020	
1021	
1022	
1023	36	
1024	
1025	
1026	9	525	
1027	9	525	
1028	
1029	667	
1030	
1031	
1032	
1033	
1034	295	
1035	
1036	295	
1037	
1038	295	
1039	347	
1040	347	
1041	347	
1042	292	347	
1043	
1044	
1045	
1046	
1047	
1048	
1049	
1050	
1051	
1052	
1053	
1054	
1055	119	207	
1056	
1057	78	
1058	
1059	
1060	
1061	
1062	
1063	
1064	
1065	
1066	255	
1067	255	356	
1068	255	356	
1069	
1070	
1071	
1072	
1073	
1074	
1075	352	
1076	
1077	
1078	
1079	296	
1080	
1081	
1082	509	
1083	509	
1084	
1085	566	
1086	
1087	
1088	
1089	
1090	
1091	
1092	
1093	
1094	
1095	
1096	23	
1097	
1098	23	
1099	
1100	
1101	
1102	
1103	
1104	
1105	
1106	
1107	
1108	
1109	
1110	
1111	
1112	329	575	
1113	329	
1114	329	575	
1115	329	575	
1116	329	575	
1117	329	575	
1118	145	
1119	
1120	
1121	
1122	
1123	
1124	
1125	
1126	
1127	
1128	
1129	
1130	434	
1131	
1132	
1133	
1134	
1135	
1136	
1137	176	
1138	37	
1139	
1140	37	
1141	37	
1142	37	
1143	
1144	
1145	
1146	
1147	
1148	36	
1149	36	
1150	36	
1151	36	
1152	
1153	
1154	
1155	
1156	
1157	
1158	
1159	
1160	
1161	
1162	321	
1163	
1164	
1165	
1166	
1167	
1168	
1169	
1170	
1171	
1172	
1173	
1174	
1175	
1176	
1177	
1178	
1179	
1180	
1181	
1182	
1183	
1184	
1185	
1186	
1187	
1188	
1189	
1190	
1191	
1192	
1193	
1194	
1195	
1196	
1197	
1198	
1199	
1200	
1201	
1202	
1203	
1204	
1205	
1206	
1207	
1208	
1209	
1210	
1211	
1212	
1213	
1214	
1215	
1216	
1217	
1218	
1219	
1220	
1221	
1222	
1223	
1224	
1225	
1226	
1227	
1228	
1229	
1230	
1231	
1232	
1233	
1234	
1235	
1236	
1237	
1238	574	611	
1239	
1240	248	
1241	
1242	248	
1243	248	
1244	
1245	
1246	
1247	
1248	
1249	
1250	
1251	
1252	
1253	
1254	
1255	
1256	
1257	
1258	
1259	
1260	
1261	
1262	
1263	
1264	
1265	
1266	
1267	
1268	430	
1269	113	465	
1270	465	
1271	113	465	
1272	
1273	
1274	
1275	
1276	
1277	
1278	
1279	119	
1280	119	
1281	
1282	
1283	609	
1284	
1285	346	
1286	20	
1287	608	
1288	608	
1289	488	
1290	488	
1291	332	
1292	
1293	332	
1294	332	488	
1295	488	
1296	326	
1297	326	
1298	
1299	
1300	
1301	
1302	
1303	
1304	
1305	
1306	
1307	
1308	
1309	
1310	
1311	
1312	
1313	
1314	152	
1315	
1316	
1317	
1318	
1319	
1320	
1321	
1322	
1323	
1324	
1325	
1326	
1327	
1328	
1329	
1330	
1331	
1332	
1333	532	675	
1334	
1335	
1336	
1337	
1338	
1339	
1340	
1341	
1342	
1343	
1344	
1345	
1346	
1347	631	
1348	
1349	631	
1350	631	
1351	
1352	
1353	644	
1354	644	
1355	644	
1356	644	
1357	
1358	
1359	
1360	
1361	
1362	
1363	386	532	
1364	
1365	
1366	
1367	
1368	
1369	
1370	
1371	
1372	
1373	
1374	
1375	
1376	
1377	106	
1378	106	
1379	106	
1380	
1381	
1382	
1383	185	492	
1384	
1385	
1386	
1387	
1388	
1389	
1390	
1391	
1392	587	
1393	587	
1394	587	
1395	587	
1396	587	
1397	587	
1398	587	
1399	
1400	587	
1401	610	
1402	610	
1403	
1404	610	
1405	610	
1406	610	
1407	327	460	
1408	
1409	
1410	77	
1411	12	175	210	227	293	524	581	617	646	648	
1412	
1413	210	
1414	210	541	
1415	110	
1416	
1417	
1418	110	214	
1419	110	
1420	110	318	
1421	110	
1422	318	
1423	637	
1424	
1425	318	637	
1426	
1427	
1428	
1429	
1430	320	
1431	
1432	
1433	
1434	
1435	
1436	
1437	
1438	
1439	
1440	64	141	
1441	64	
1442	
1443	
1444	
1445	671	
1446	
1447	
1448	473	489	
1449	473	489	
1450	17	497	
1451	17	497	
1452	668	
1453	668	
1454	
1455	
1456	
1457	
1458	
1459	174	
1460	174	359	
1461	174	359	
1462	174	359	
1463	246	
1464	246	
1465	
1466	176	
1467	
1468	
1469	
1470	
1471	
1472	
1473	
1474	111	
1475	54	635	636	
1476	
1477	
1478	
1479	424	455	526	
1480	303	
1481	303	
1482	
1483	
1484	
1485	
1486	
1487	
1488	
1489	
1490	
1491	
1492	
1493	
1494	
1495	
1496	40	
1497	40	
1498	
1499	173	603	
1500	603	
1501	424	
1502	424	
1503	424	
1504	424	
1505	
1506	
1507	
1508	
1509	
1510	
1511	
1512	14	
1513	
1514	
1515	
1516	
1517	
1518	
1519	538	
1520	538	
1521	538	
1522	363	
1523	363	
1524	
1525	
1526	
1527	
1528	
1529	335	
1530	
1531	
1532	
1533	
1534	
1535	
1536	7	53	79	108	114	116	144	164	183	185	186	214	216	237	245	252	254	259	316	334	337	350	351	362	378	456	457	462	490	492	494	495	501	503	505	519	528	530	569	571	599	601	611	632	648	673	674	682	
1537	
1538	243	
1539	87	674	
1540	
1541	195	
1542	
1543	
1544	
1545	32	
1546	
1547	
1548	
1549	
1550	
1551	
1552	
1553	
1554	
1555	
1556	
1557	
1558	
1559	
1560	
1561	
1562	
1563	
1564	
1565	
1566	
1567	
1568	394	
1569	394	
1570	
1571	
1572	
1573	
1574	
1575	
1576	
1577	
1578	
1579	
1580	
1581	176	
1582	
1583	
1584	
1585	
1586	
1587	
1588	
1589	
1590	
1591	
1592	
1593	
1594	
1595	
1596	292	
1597	
1598	
1599	
1600	
1601	42	302	460	570	
1602	
1603	
1604	
1605	
1606	
1607	
1608	
1609	
1610	
1611	
1612	
1613	
1614	
1615	
1616	
1617	
1618	
1619	
1620	
1621	
1622	
1623	532	
1624	
1625	532	
1626	532	
1627	532	
1628	321	
1629	1	21	
1630	1	21	435	577	
1631	1	577	
1632	
1633	
1634	
1635	
1636	
1637	
1638	
1639	243	258	259	391	
1640	
1641	
1642	
1643	
1644	
1645	
1646	54	635	636	
1647	
1648	
1649	
1650	
1651	300	
1652	392	
1653	0	389	392	
1654	300	
1655	
1656	
1657	
1658	
1659	
1660	
1661	
1662	
1663	
1664	
1665	
1666	
1667	
1668	
1669	
1670	383	
1671	
1672	383	
1673	
1674	335	
1675	
1676	
1677	
1678	
1679	
1680	
1681	
1682	
1683	
1684	
1685	
1686	
1687	
1688	
1689	207	
1690	348	
1691	348	
1692	348	
1693	316	348	
1694	348	
1695	348	
1696	348	
1697	348	
1698	348	
1699	
1700	
1701	
1702	508	
1703	
1704	
1705	69	
1706	680	
1707	
1708	680	
1709	680	
1710	680	
1711	
1712	
1713	
1714	
1715	7	164	369	577	599	
1716	
1717	227	350	528	646	
1718	
1719	
1720	367	577	
1721	182	191	322	330	333	362	445	577	633	648	
1722	577	
1723	
1724	
1725	
1726	
1727	179	
1728	
1729	
1730	
1731	
1732	
1733	
1734	
1735	455	526	
1736	455	
1737	455	526	
1738	455	526	
1739	
1740	
1741	
1742	
1743	
1744	
1745	
1746	
1747	54	635	636	
1748	54	635	
1749	
1750	
1751	539	
1752	288	
1753	118	
1754	118	
1755	209	
1756	
1757	
1758	
1759	
1760	
1761	
1762	
1763	
1764	
1765	
1766	
1767	
1768	243	
1769	243	
1770	243	
1771	243	
1772	243	
1773	243	
1774	219	243	
1775	243	
1776	243	
1777	243	
1778	243	
1779	243	
1780	243	
1781	243	
1782	243	
1783	
1784	243	
1785	243	
1786	243	
1787	243	
1788	243	
1789	243	
1790	243	490	
1791	243	
1792	243	
1793	
1794	219	243	
1795	243	
1796	
1797	243	
1798	243	
1799	243	
1800	243	
1801	243	
1802	
1803	
1804	243	508	
1805	243	
1806	243	
1807	243	
1808	243	
1809	243	
1810	243	
1811	216	243	
1812	243	
1813	243	
1814	243	
1815	
1816	10	243	
1817	7	35	216	243	357	366	369	389	458	540	542	574	599	602	
1818	535	
1819	243	
1820	243	
1821	243	389	540	
1822	243	
1823	35	358	650	
1824	243	
1825	243	456	521	
1826	243	508	519	
1827	243	
1828	243	
1829	389	
1830	243	328	629	
1831	216	243	
1832	243	495	
1833	243	
1834	243	
1835	108	243	337	540	629	
1836	243	
1837	
1838	243	
1839	243	
1840	243	
1841	4	243	
1842	243	
1843	243	
1844	243	
1845	
1846	243	
1847	243	
1848	319	
1849	319	
1850	319	
1851	
1852	574	
1853	
1854	319	
1855	337	
1856	
1857	
1858	
1859	319	
1860	319	
1861	319	574	
1862	
1863	
1864	114	213	319	337	650	
1865	38	164	319	597	599	601	
1866	105	681	
1867	
1868	6	53	380	
1869	99	100	319	628	
1870	51	319	565	638	673	682	
1871	319	
1872	319	520	
1873	319	
1874	319	
1875	
1876	105	319	573	648	
1877	
1878	319	
1879	
1880	7	164	319	369	599	611	
1881	319	
1882	48	85	99	100	155	193	216	328	333	366	505	617	628	
1883	219	362	428	507	519	573	611	
1884	
1885	
1886	
1887	
1888	
1889	
1890	
1891	4	34	53	85	97	186	222	242	245	250	324	389	456	463	477	630	640	649	664	
1892	
1893	
1894	
1895	650	
1896	194	219	362	648	
1897	
1898	
1899	34	154	242	293	331	389	463	650	
1900	327	
1901	
1902	219	632	
1903	182	191	302	519	
1904	
1905	115	
1906	8	10	15	16	18	19	44	162	182	191	206	220	238	302	324	334	380	457	492	501	503	505	519	520	527	533	574	584	611	632	633	634	639	648	650	676	682	
1907	650	
1908	103	649	650	664	
1909	316	456	611	648	
1910	187	327	
1911	
1912	187	327	
1913	327	
1914	187	327	
1915	187	327	
1916	327	
1917	187	327	
1918	187	327	
1919	187	327	
1920	187	327	
1921	187	327	
1922	
1923	327	
1924	187	327	
1925	187	327	
1926	187	327	
1927	5	187	327	
1928	187	
1929	175	187	327	439	524	581	
1930	327	
1931	187	327	
1932	187	327	528	569	
1933	327	
1934	79	187	239	316	327	380	389	477	
1935	187	327	
1936	187	327	
1937	187	327	
1938	285	327	389	395	585	606	
1939	187	327	
1940	
1941	
1942	187	327	
1943	327	
1944	650	
1945	650	
1946	650	
1947	
1948	
1949	650	
1950	
1951	650	
1952	650	
1953	
1954	650	
1955	650	
1956	650	
1957	650	
1958	650	
1959	
1960	650	
1961	
1962	650	
1963	650	
1964	650	
1965	
1966	650	
1967	650	
1968	650	
1969	
1970	650	
1971	650	
1972	650	
1973	650	
1974	
1975	650	
1976	103	664	
1977	650	
1978	650	
1979	390	
1980	540	650	
1981	7	97	108	164	369	599	601	617	646	650	
1982	4	96	285	395	585	
1983	147	251	632	650	
1984	535	650	
1985	4	285	316	350	427	569	580	585	606	
1986	
1987	4	67	79	154	158	189	218	250	285	316	330	361	390	463	498	527	541	585	606	614	617	648	650	
1988	144	650	
1989	101	108	337	478	
1990	
1991	186	650	
1992	650	664	
1993	67	285	395	585	650	
1994	
1995	10	368	390	432	650	
1996	650	
1997	108	337	456	650	
1998	540	650	
1999	650	
2000	5	163	648	
2001	
2002	650	
2003	108	650	676	
2004	390	650	
2005	583	650	
2006	390	650	
2007	650	
2008	254	290	367	368	602	611	628	650	660	669	
2009	79	116	158	219	285	337	390	494	580	585	606	650	
2010	216	241	251	328	389	542	681	
2011	633	
2012	633	
2013	48	633	643	
2014	216	324	330	456	633	634	
2015	633	
2016	519	633	660	
2017	633	
2018	18	633	
2019	151	185	254	492	495	607	633	
2020	186	219	632	633	
2021	112	188	191	249	323	324	334	388	492	500	607	633	634	674	682	
2022	334	633	
2023	333	362	378	530	633	
2024	10	18	44	69	82	114	143	144	147	162	185	193	222	224	237	238	244	299	328	333	334	362	366	367	368	391	423	460	490	494	498	502	527	573	576	607	611	617	632	633	639	648	665	673	682	
2025	633	
2026	633	681	
2027	
2028	
2029	
2030	
2031	
2032	
2033	
2034	44	682	
2035	
2036	
2037	191	
2038	
2039	
2040	
2041	
2042	
2043	
2044	
2045	
2046	
2047	
2048	
2049	
2050	
2051	
2052	
2053	216	
2054	388	
2055	
2056	
2057	
2058	
2059	163	216	540	565	640	648	
2060	
2061	
2062	
2063	
2064	
2065	
2066	
2067	
2068	216	389	530	
2069	115	
2070	104	146	224	305	
2071	
2072	
2073	
2074	
2075	293	
2076	
2077	
2078	183	660	
2079	13	154	240	254	290	362	490	682	
2080	5	254	
2081	
2082	
2083	
2084	
2085	
2086	
2087	
2088	
2089	
2090	
2091	
2092	
2093	
2094	
2095	
2096	
2097	
2098	
2099	
2100	
2101	
2102	
2103	
2104	
2105	
2106	
2107	
2108	
2109	
2110	
2111	
2112	
2113	
2114	
2115	
2116	
2117	
2118	
2119	
2120	
2121	
2122	
2123	
2124	
2125	
2126	
2127	
2128	
2129	
2130	
2131	
2132	
2133	79	
2134	
2135	186	
2136	
2137	
2138	
2139	18	108	188	214	239	249	337	362	366	389	443	444	477	490	505	519	571	648	
2140	
2141	
2142	
2143	
2144	
2145	144	389	
2146	477	648	
2147	
2148	
2149	
2150	
2151	390	648	
2152	7	12	79	105	108	114	150	154	164	185	191	213	214	222	237	240	252	254	259	294	328	337	367	369	400	457	458	494	510	519	524	540	568	573	581	584	599	600	601	617	639	648	673	681	
2153	183	188	
2154	103	293	389	463	541	649	664	
2155	2	531	
2156	51	361	504	541	649	664	682	
2157	
2158	
2159	
2160	
2161	
2162	
2163	
2164	
2165	
2166	
2167	249	
2168	
2169	
2170	
2171	
2172	458	
2173	541	
2174	
2175	
2176	
2177	
2178	148	250	456	
2179	16	82	114	215	252	357	468	475	500	520	596	674	
2180	4	147	221	366	458	519	564	665	674	
2181	219	
2182	16	71	75	82	114	178	220	324	475	491	500	596	
2183	7	69	73	143	150	164	179	220	237	294	324	330	357	369	432	458	500	510	596	599	628	630	648	649	664	665	673	674	
2184	
2185	
2186	
2187	
2188	
2189	
2190	
2191	
2192	
2193	
2194	
2195	
2196	
2197	101	478	
2198	
2199	
2200	
2201	
2202	446	
2203	
2204	
2205	
2206	
2207	
2208	
2209	
2210	642	
2211	
2212	
2213	
2214	
2215	
2216	
2217	
2218	
2219	
2220	
2221	
2222	53	154	188	216	218	239	293	380	498	527	584	614	669	679	
2223	12	175	239	241	366	400	519	524	581	600	681	
2224	519	
2225	519	
2226	
2227	
2228	
2229	
2230	8	186	214	490	508	
2231	
2232	
2233	179	241	366	681	
2234	540	
2235	
2236	
2237	
2238	241	681	
2239	
2240	238	334	
2241	240	254	333	501	660	
2242	
2243	503	505	
2244	
2245	79	158	
2246	214	527	640	
2247	116	299	494	502	
2248	649	664	
2249	
2250	
2251	
2252	35	218	614	
2253	
2254	
2255	
2256	
2257	
2258	
2259	
2260	
2261	
2262	
2263	
2264	
2265	
2266	
2267	
2268	
2269	
2270	
2271	
2272	
2273	
2274	
2275	
2276	
2277	
2278	
2279	
2280	
2281	
2282	
2283	
2284	
2285	51	
2286	
2287	
2288	
2289	
2290	
2291	211	378	456	530	
2292	389	
2293	
2294	
2295	147	179	
2296	
2297	
2298	
2299	
2300	
2301	
2302	
2303	
2304	
2305	
2306	389	
2307	574	
2308	
2309	
2310	104	305	682	
2311	79	158	648	
2312	540	
2313	
2314	
2315	35	
2316	
2317	
2318	
2319	
2320	
2321	
2322	
2323	
2324	
2325	
2326	
2327	
2328	
2329	211	297	
2330	
2331	
2332	
2333	
2334	
2335	
2336	
2337	
2338	
2339	
2340	
2341	
2342	
2343	144	162	164	316	369	380	428	541	601	629	
2344	225	
2345	
2346	219	
2347	
2348	527	
2349	
2350	
2351	
2352	
2353	211	225	541	597	
2354	225	
2355	
2356	
2357	
2358	214	519	571	
2359	
2360	
2361	
2362	
2363	
2364	
2365	
2366	
2367	
2368	
2369	
2370	214	462	
2371	
2372	
2373	
2374	
2375	
2376	
2377	
2378	
2379	222	584	
2380	
2381	
2382	
2383	
2384	500	576	664	
2385	183	240	501	
2386	
2387	
2388	
2389	
2390	
2391	
2392	107	175	350	400	439	524	528	576	600	
2393	
2394	
2395	116	334	494	519	
2396	
2397	48	146	315	576	
2398	
2399	
2400	
2401	214	571	648	
2402	65	195	208	390	431	521	
2403	
2404	638	
2405	
2406	
2407	
2408	149	221	316	519	
2409	
2410	144	162	337	519	
2411	
2412	146	154	351	432	444	542	573	574	584	
2413	84	462	
2414	643	
2415	
2416	
2417	
2418	
2419	
2420	
2421	
2422	
2423	
2424	
2425	
2426	10	648	
2427	
2428	
2429	
2430	
2431	
2432	69	82	
2433	34	242	
2434	
2435	53	316	391	463	519	648	
2436	
2437	34	219	242	
2438	175	362	400	524	600	643	648	
2439	362	
2440	362	
2441	362	
2442	362	
2443	362	
2444	362	
2445	362	
2446	362	
2447	362	
2448	362	
2449	362	
2450	227	350	362	
2451	362	
2452	362	
2453	19	362	611	
2454	
2455	362	
2456	362	
2457	362	
2458	
2459	362	648	
2460	362	648	
2461	362	
2462	362	
2463	389	643	672	
2464	87	116	362	391	456	494	500	576	
2465	362	
2466	362	
2467	362	649	664	
2468	
2469	
2470	456	519	640	
2471	362	
2472	
2473	79	158	220	362	617	
2474	362	
2475	293	
2476	362	
2477	362	
2478	227	350	427	634	
2479	362	
2480	362	
2481	
2482	362	648	
2483	362	
2484	362	
2485	79	158	362	
2486	362	
2487	7	86	164	225	316	362	369	599	601	672	
2488	
2489	
2490	
2491	13	74	114	146	177	191	218	240	249	258	289	391	542	614	643	676	
2492	
2493	
2494	
2495	4	83	102	240	461	664	
2496	188	
2497	
2498	
2499	
2500	
2501	
2502	
2503	
2504	
2505	
2506	
2507	
2508	214	252	
2509	
2510	101	400	478	524	
2511	71	178	185	315	491	492	
2512	462	565	
2513	51	82	84	194	458	645	648	
2514	
2515	
2516	501	
2517	
2518	
2519	
2520	
2521	
2522	
2523	
2524	
2525	
2526	
2527	428	611	
2528	
2529	
2530	240	458	
2531	188	189	206	218	245	330	333	456	463	477	527	565	614	630	632	
2532	116	151	379	380	
2533	
2534	
2535	80	284	
2536	10	457	
2537	
2538	
2539	155	
2540	155	
2541	155	
2542	
2543	155	
2544	107	108	155	239	287	293	456	505	
2545	2	80	175	179	216	219	249	251	293	322	361	439	472	524	531	574	597	600	617	629	674	
2546	
2547	155	541	
2548	79	116	158	294	315	510	651	
2549	
2550	5	97	99	100	108	155	244	391	445	
2551	614	
2552	218	614	
2553	101	191	218	241	478	614	630	643	681	682	
2554	79	158	206	218	251	614	630	632	
2555	
2556	
2557	250	
2558	250	
2559	316	648	649	664	
2560	250	
2561	
2562	
2563	
2564	250	
2565	250	
2566	250	602	
2567	250	
2568	250	
2569	189	
2570	
2571	250	
2572	144	162	250	353	
2573	299	351	502	664	
2574	602	
2575	250	390	
2576	390	
2577	101	185	225	250	316	428	456	478	492	576	664	672	
2578	250	
2579	
2580	
2581	573	
2582	195	214	299	322	389	502	540	576	584	648	
2583	
2584	
2585	
2586	
2587	
2588	
2589	
2590	
2591	
2592	
2593	
2594	
2595	298	
2596	
2597	
2598	
2599	
2600	
2601	144	519	
2602	
2603	
2604	
2605	46	428	
2606	
2607	108	337	
2608	85	97	107	175	177	206	216	227	244	249	324	350	400	427	439	445	524	528	573	600	617	628	630	669	
2609	
2610	194	
2611	194	
2612	194	
2613	194	
2614	105	194	573	673	
2615	
2616	194	
2617	194	
2618	194	323	542	629	
2619	194	
2620	
2621	194	
2622	194	
2623	2	472	542	576	628	629	
2624	540	
2625	194	
2626	144	151	162	328	379	576	628	
2627	
2628	
2629	142	380	471	
2630	194	
2631	
2632	148	194	
2633	194	639	
2634	194	240	
2635	
2636	322	
2637	
2638	
2639	316	322	331	458	584	649	664	
2640	16	114	215	222	468	520	649	
2641	322	628	
2642	101	142	478	507	
2643	
2644	
2645	
2646	13	18	144	146	189	330	
2647	
2648	104	305	328	
2649	
2650	378	530	
2651	15	86	149	221	227	350	390	400	427	461	524	533	581	648	
2652	651	
2653	16	19	74	241	251	259	289	305	351	457	520	670	681	
2654	
2655	
2656	
2657	
2658	
2659	
2660	
2661	
2662	
2663	
2664	
2665	
2666	
2667	
2668	
2669	
2670	
2671	
2672	
2673	
2674	
2675	
2676	
2677	
2678	
2679	
2680	227	350	490	528	569	
2681	
2682	
2683	
2684	
2685	
2686	189	368	508	541	
2687	358	
2688	258	
2689	
2690	
2691	
2692	
2693	7	164	227	350	369	569	599	
2694	443	444	
2695	
2696	
2697	
2698	
2699	
2700	
2701	101	182	191	478	
2702	
2703	11	53	107	220	328	571	640	
2704	108	
2705	
2706	
2707	
2708	10	
2709	48	73	80	104	191	239	251	284	305	322	330	366	507	565	628	642	664	
2710	85	101	478	565	628	664	
2711	
2712	
2713	649	664	
2714	
2715	
2716	
2717	
2718	
2719	
2720	189	676	
2721	
2722	
2723	
2724	
2725	
2726	
2727	
2728	
2729	498	527	541	
2730	
2731	674	
2732	
2733	
2734	
2735	
2736	
2737	
2738	
2739	
2740	
2741	
2742	
2743	
2744	
2745	
2746	
2747	
2748	
2749	
2750	
2751	
2752	
2753	
2754	
2755	
2756	
2757	
2758	
2759	5	12	38	65	179	186	241	400	431	439	440	524	597	600	672	681	
2760	
2761	
2762	
2763	
2764	
2765	664	
2766	
2767	
2768	
2769	
2770	
2771	
2772	
2773	351	
2774	4	
2775	
2776	337	
2777	629	
2778	
2779	
2780	
2781	
2782	175	254	400	439	524	600	
2783	108	337	
2784	
2785	
2786	7	164	182	191	244	369	389	503	572	574	599	601	628	632	665	
2787	
2788	
2789	
2790	96	216	380	428	477	
2791	
2792	
2793	183	501	
2794	
2795	
2796	
2797	
2798	
2799	
2800	
2801	
2802	
2803	
2804	
2805	
2806	
2807	
2808	85	101	108	244	445	478	
2809	35	227	350	427	432	569	
2810	
2811	
2812	
2813	
2814	4	46	428	519	
2815	
2816	435	682	
2817	
2818	2	51	67	190	220	254	285	388	389	395	472	585	606	634	
2819	
2820	
2821	
2822	
2823	
2824	
2825	
2826	
2827	
2828	
2829	
2830	79	
2831	
2832	
2833	
2834	
2835	107	333	
2836	
2837	51	
2838	51	
2839	
2840	
2841	51	
2842	51	
2843	
2844	51	
2845	51	
2846	
2847	
2848	51	
2849	
2850	51	
2851	
2852	51	
2853	51	
2854	51	
2855	51	
2856	51	
2857	51	
2858	163	225	672	
2859	51	
2860	51	
2861	10	51	211	240	297	299	390	400	439	502	519	524	541	581	
2862	7	51	116	369	390	599	
2863	51	
2864	
2865	51	
2866	
2867	
2868	
2869	646	
2870	
2871	646	
2872	
2873	646	
2874	646	
2875	
2876	646	
2877	322	428	646	
2878	646	
2879	147	646	
2880	535	646	
2881	
2882	
2883	
2884	
2885	
2886	
2887	
2888	
2889	
2890	
2891	
2892	
2893	368	495	679	
2894	4	
2895	
2896	
2897	
2898	
2899	
2900	
2901	
2902	
2903	
2904	
2905	225	498	527	672	
2906	
2907	239	
2908	
2909	
2910	
2911	316	
2912	67	285	395	580	585	606	
2913	
2914	
2915	
2916	
2917	
2918	
2919	
2920	
2921	
2922	
2923	
2924	389	
2925	
2926	108	337	
2927	
2928	
2929	
2930	182	191	564	
2931	
2932	
2933	
2934	
2935	
2936	541	
2937	
2938	
2939	508	641	
2940	
2941	
2942	
2943	
2944	214	388	
2945	
2946	
2947	
2948	
2949	
2950	285	395	585	
2951	
2952	
2953	
2954	
2955	
2956	
2957	
2958	
2959	
2960	
2961	
2962	147	258	316	
2963	2	472	531	
2964	
2965	
2966	
2967	
2968	
2969	508	
2970	
2971	2	16	35	69	97	147	357	472	475	520	531	564	681	
2972	
2973	
2974	16	18	48	71	116	142	178	193	237	252	290	353	357	491	494	596	617	632	
2975	
2976	
2977	
2978	
2979	
2980	
2981	
2982	241	
2983	224	315	
2984	
2985	5	
2986	
2987	85	175	244	400	439	524	581	600	628	630	
2988	107	
2989	
2990	
2991	
2992	182	
2993	
2994	182	191	
2995	
2996	182	191	649	
2997	
2998	35	322	357	458	
2999	630	
3000	97	
3001	5	150	175	227	254	350	427	439	457	524	528	617	670	
3002	617	
3003	617	
3004	617	
3005	617	
3006	617	
3007	617	
3008	617	
3009	617	
3010	
3011	617	
3012	617	
3013	617	
3014	617	
3015	105	252	510	573	617	651	673	
3016	617	
3017	617	
3018	617	
3019	617	
3020	617	
3021	617	
3022	49	366	505	617	673	
3023	617	
3024	617	
3025	617	
3026	617	
3027	617	
3028	237	252	357	369	571	599	617	
3029	177	617	651	
3030	617	
3031	617	
3032	617	
3033	617	
3034	617	
3035	10	617	
3036	617	
3037	
3038	617	
3039	
3040	617	
3041	617	
3042	617	
3043	617	
3044	390	617	
3045	
3046	258	
3047	
3048	
3049	
3050	
3051	
3052	
3053	
3054	
3055	
3056	
3057	
3058	
3059	
3060	
3061	
3062	331	
3063	
3064	
3065	
3066	
3067	
3068	
3069	
3070	316	576	665	
3071	177	
3072	
3073	
3074	10	46	115	428	
3075	114	
3076	
3077	
3078	
3079	
3080	
3081	154	
3082	
3083	79	158	564	576	648	
3084	389	
3085	35	
3086	
3087	
3088	
3089	
3090	
3091	
3092	
3093	
3094	
3095	
3096	
3097	
3098	
3099	
3100	
3101	
3102	
3103	
3104	
3105	
3106	
3107	390	
3108	
3109	10	46	259	299	324	428	456	462	477	492	502	510	607	
3110	
3111	
3112	
3113	
3114	
3115	
3116	
3117	
3118	
3119	
3120	
3121	
3122	
3123	564	
3124	237	252	564	
3125	564	
3126	564	
3127	564	
3128	564	
3129	564	
3130	293	520	596	
3131	564	
3132	7	164	369	510	564	599	682	
3133	4	102	156	334	570	
3134	564	
3135	564	670	
3136	564	
3137	
3138	
3139	
3140	
3141	
3142	
3143	
3144	423	435	527	641	648	
3145	
3146	108	337	
3147	
3148	
3149	
3150	
3151	12	49	71	163	175	178	322	324	328	491	505	524	568	581	600	651	
3152	471	
3153	
3154	660	
3155	
3156	12	48	175	400	439	524	581	600	643	
3157	
3158	101	315	478	
3159	
3160	
3161	643	
3162	
3163	
3164	142	358	632	634	640	
3165	535	
3166	535	
3167	535	
3168	535	
3169	535	
3170	
3171	535	
3172	535	
3173	208	521	535	
3174	535	
3175	535	
3176	535	
3177	535	
3178	535	
3179	535	
3180	535	
3181	535	
3182	535	
3183	535	
3184	535	
3185	535	
3186	582	
3187	582	
3188	582	
3189	
3190	76	87	143	182	191	216	299	502	568	576	582	602	628	648	669	679	
3191	241	457	582	681	
3192	582	
3193	390	582	632	
3194	107	114	582	
3195	390	582	639	
3196	
3197	
3198	
3199	97	
3200	
3201	
3202	
3203	219	
3204	
3205	259	
3206	101	478	
3207	578	
3208	578	
3209	
3210	
3211	
3212	
3213	
3214	
3215	
3216	
3217	
3218	
3219	227	350	528	569	
3220	
3221	
3222	227	427	569	648	
3223	
3224	
3225	
3226	
3227	
3228	
3229	
3230	2	472	531	
3231	
3232	571	
3233	
3234	
3235	
3236	
3237	
3238	
3239	
3240	
3241	206	219	456	
3242	
3243	
3244	456	
3245	456	
3246	456	
3247	456	
3248	456	
3249	456	
3250	456	
3251	456	
3252	456	
3253	456	
3254	456	
3255	456	
3256	
3257	456	
3258	456	
3259	456	
3260	456	
3261	456	
3262	
3263	456	
3264	456	
3265	53	456	
3266	456	
3267	456	
3268	456	
3269	315	380	435	456	471	
3270	101	107	390	456	478	
3271	
3272	456	490	
3273	456	
3274	456	
3275	456	
3276	456	
3277	456	
3278	
3279	456	
3280	456	
3281	208	521	
3282	208	521	
3283	208	521	
3284	208	521	541	
3285	208	
3286	208	521	
3287	208	
3288	208	521	
3289	208	227	350	427	521	528	
3290	208	
3291	208	521	
3292	208	521	
3293	
3294	361	
3295	
3296	
3297	
3298	361	
3299	
3300	361	
3301	361	
3302	
3303	
3304	361	
3305	83	461	
3306	83	102	461	
3307	4	83	102	461	
3308	85	
3309	85	87	
3310	85	390	
3311	85	195	
3312	
3313	85	
3314	219	285	395	427	580	585	
3315	67	285	395	580	585	606	
3316	285	395	580	585	606	
3317	285	395	580	585	606	
3318	67	395	580	585	606	
3319	395	580	585	606	
3320	67	395	580	585	
3321	67	585	
3322	67	285	395	580	585	
3323	67	580	585	
3324	395	580	585	
3325	67	585	606	
3326	285	395	585	606	
3327	108	285	337	395	580	585	
3328	395	585	606	
3329	285	395	585	
3330	67	395	580	606	
3331	395	580	585	606	
3332	285	395	585	606	
3333	67	395	585	606	
3334	67	225	395	580	585	606	672	
3335	67	285	395	580	585	606	
3336	285	395	580	585	
3337	67	395	541	585	606	
3338	395	580	585	606	
3339	585	
3340	206	585	606	
3341	67	285	395	580	585	606	
3342	67	285	580	585	606	
3343	67	285	395	580	585	606	
3344	580	585	606	
3345	395	585	606	
3346	285	395	580	585	606	
3347	67	285	580	585	606	
3348	4	67	585	606	
3349	67	97	395	499	580	585	
3350	285	395	400	439	524	580	585	600	606	
3351	
3352	
3353	
3354	
3355	
3356	
3357	
3358	
3359	
3360	
3361	571	
3362	
3363	
3364	
3365	315	648	
3366	
3367	
3368	
3369	
3370	
3371	225	458	505	672	
3372	46	428	
3373	
3374	
3375	
3376	
3377	
3378	
3379	
3380	
3381	
3382	
3383	
3384	
3385	
3386	144	162	
3387	
3388	
3389	179	505	574	
3390	541	
3391	
3392	
3393	
3394	
3395	
3396	
3397	
3398	
3399	
3400	
3401	
3402	
3403	
3404	
3405	
3406	
3407	
3408	
3409	
3410	147	
3411	
3412	
3413	316	
3414	
3415	
3416	
3417	
3418	
3419	
3420	
3421	
3422	
3423	
3424	
3425	
3426	
3427	
3428	
3429	
3430	
3431	
3432	
3433	
3434	84	505	611	
3435	
3436	
3437	323	
3438	7	164	216	219	220	369	576	599	
3439	
3440	
3441	669	679	
3442	15	533	669	679	
3443	7	164	369	601	669	679	
3444	669	679	
3445	669	679	
3446	337	669	679	
3447	116	649	664	669	
3448	
3449	669	679	
3450	669	679	
3451	669	679	
3452	
3453	669	
3454	
3455	
3456	
3457	
3458	214	
3459	
3460	
3461	
3462	
3463	
3464	
3465	629	
3466	
3467	
3468	
3469	
3470	
3471	
3472	
3473	
3474	
3475	
3476	
3477	
3478	
3479	163	252	500	649	664	
3480	
3481	519	
3482	
3483	
3484	
3485	
3486	
3487	
3488	
3489	504	
3490	
3491	
3492	
3493	114	
3494	
3495	
3496	114	
3497	114	
3498	114	
3499	
3500	114	
3501	
3502	114	
3503	114	
3504	
3505	114	
3506	114	
3507	114	
3508	114	
3509	114	
3510	16	107	114	520	
3511	114	
3512	114	316	330	632	
3513	114	
3514	114	
3515	147	
3516	147	
3517	147	
3518	147	
3519	147	
3520	
3521	147	
3522	147	
3523	82	147	241	366	681	
3524	182	
3525	147	
3526	147	
3527	13	49	80	147	240	284	366	458	571	576	
3528	147	
3529	389	
3530	147	
3531	
3532	
3533	496	
3534	496	
3535	2	44	150	179	195	323	351	472	576	629	
3536	
3537	
3538	
3539	
3540	
3541	175	216	400	439	524	581	600	
3542	
3543	
3544	293	
3545	
3546	107	388	634	643	
3547	
3548	
3549	
3550	
3551	
3552	
3553	
3554	
3555	
3556	
3557	
3558	
3559	
3560	
3561	
3562	
3563	
3564	
3565	
3566	
3567	
3568	
3569	
3570	
3571	
3572	
3573	79	158	
3574	
3575	
3576	
3577	
3578	
3579	
3580	
3581	
3582	
3583	
3584	
3585	
3586	
3587	
3588	
3589	519	
3590	
3591	333	
3592	
3593	
3594	
3595	
3596	
3597	
3598	
3599	
3600	35	
3601	
3602	252	475	510	651	
3603	
3604	
3605	115	390	
3606	
3607	
3608	670	
3609	
3610	
3611	
3612	71	215	
3613	
3614	220	
3615	148	
3616	148	
3617	73	148	294	316	331	458	
3618	148	
3619	148	
3620	148	
3621	148	
3622	324	
3623	324	
3624	324	
3625	324	
3626	324	
3627	324	
3628	324	
3629	324	
3630	324	
3631	324	
3632	324	
3633	324	
3634	324	
3635	324	
3636	
3637	
3638	324	
3639	324	
3640	324	
3641	324	
3642	324	
3643	324	
3644	324	
3645	324	519	
3646	324	
3647	324	
3648	324	643	
3649	324	
3650	324	
3651	324	
3652	
3653	
3654	
3655	
3656	108	337	
3657	108	337	
3658	
3659	65	101	108	244	337	366	431	478	
3660	
3661	337	
3662	108	337	
3663	337	
3664	108	337	
3665	108	337	
3666	337	
3667	108	337	
3668	337	
3669	108	
3670	337	
3671	337	
3672	108	
3673	337	
3674	108	337	
3675	
3676	108	337	
3677	108	
3678	219	337	
3679	
3680	108	337	
3681	108	337	
3682	108	337	
3683	108	
3684	337	
3685	108	
3686	108	337	
3687	337	
3688	108	337	
3689	108	
3690	108	337	
3691	
3692	
3693	108	337	
3694	337	
3695	108	330	
3696	108	
3697	337	
3698	108	337	
3699	337	
3700	337	
3701	337	
3702	108	
3703	108	337	
3704	108	337	
3705	108	337	
3706	108	337	
3707	108	337	
3708	108	337	
3709	11	337	
3710	108	
3711	108	
3712	108	337	
3713	337	
3714	108	337	390	
3715	108	
3716	108	
3717	108	576	
3718	337	
3719	108	
3720	337	
3721	108	337	
3722	108	186	337	682	
3723	108	337	
3724	337	
3725	337	639	
3726	108	
3727	108	
3728	4	108	498	527	
3729	258	
3730	108	337	643	
3731	108	337	
3732	108	337	
3733	108	337	
3734	
3735	108	337	
3736	
3737	108	
3738	108	
3739	108	
3740	
3741	337	
3742	337	
3743	337	
3744	108	337	
3745	
3746	337	540	
3747	108	337	
3748	
3749	337	
3750	108	337	
3751	337	
3752	108	337	
3753	164	337	369	378	389	530	568	599	601	
3754	316	
3755	108	337	
3756	2	472	
3757	2	472	
3758	472	531	
3759	2	472	531	
3760	2	149	472	531	596	
3761	2	149	301	472	531	
3762	2	472	
3763	2	150	472	531	645	
3764	2	472	531	
3765	2	
3766	2	389	531	
3767	2	472	
3768	
3769	
3770	
3771	
3772	
3773	
3774	
3775	
3776	
3777	
3778	
3779	79	158	
3780	
3781	
3782	
3783	
3784	
3785	643	
3786	
3787	
3788	
3789	
3790	
3791	
3792	576	674	
3793	642	
3794	
3795	
3796	
3797	
3798	445	
3799	244	
3800	
3801	
3802	
3803	
3804	
3805	12	175	439	524	581	
3806	299	502	
3807	
3808	490	
3809	640	
3810	
3811	334	640	
3812	640	
3813	640	
3814	639	640	
3815	
3816	
3817	
3818	
3819	
3820	
3821	
3822	214	
3823	259	471	
3824	
3825	
3826	500	641	
3827	
3828	
3829	
3830	
3831	
3832	
3833	
3834	
3835	284	
3836	
3837	
3838	
3839	649	664	
3840	390	527	541	
3841	101	478	541	
3842	540	611	649	664	
3843	
3844	
3845	189	
3846	74	289	
3847	74	289	
3848	74	289	
3849	74	289	
3850	74	289	
3851	74	289	
3852	74	289	
3853	74	289	
3854	74	191	289	
3855	289	
3856	74	289	
3857	74	289	
3858	74	289	
3859	74	289	
3860	74	80	284	289	530	
3861	74	289	
3862	74	289	
3863	74	289	
3864	74	289	
3865	65	74	249	254	289	316	431	
3866	74	289	
3867	74	289	
3868	116	
3869	
3870	
3871	
3872	
3873	
3874	
3875	
3876	
3877	
3878	
3879	
3880	
3881	
3882	
3883	254	316	541	573	
3884	
3885	
3886	
3887	
3888	
3889	
3890	
3891	648	
3892	
3893	
3894	388	568	634	648	
3895	
3896	316	388	634	643	648	
3897	
3898	53	
3899	
3900	
3901	
3902	
3903	65	225	431	440	672	
3904	316	
3905	225	576	672	
3906	
3907	
3908	
3909	
3910	571	
3911	571	
3912	571	
3913	571	
3914	571	
3915	571	
3916	571	
3917	505	
3918	366	571	611	
3919	
3920	571	
3921	571	
3922	571	
3923	
3924	571	
3925	571	
3926	571	
3927	
3928	
3929	367	
3930	
3931	302	367	
3932	367	
3933	367	
3934	367	
3935	367	
3936	367	
3937	367	
3938	
3939	
3940	
3941	
3942	
3943	
3944	541	
3945	
3946	
3947	
3948	
3949	
3950	
3951	
3952	
3953	
3954	
3955	574	
3956	
3957	380	498	527	607	
3958	116	649	664	
3959	35	
3960	
3961	
3962	
3963	
3964	
3965	35	
3966	
3967	
3968	
3969	
3970	
3971	
3972	
3973	35	432	572	643	
3974	572	
3975	
3976	
3977	572	
3978	150	
3979	82	632	
3980	444	
3981	443	444	
3982	443	444	
3983	444	
3984	444	
3985	443	444	
3986	
3987	444	
3988	444	
3989	443	444	
3990	443	444	
3991	443	444	540	
3992	219	
3993	219	
3994	219	
3995	219	
3996	219	
3997	219	
3998	219	
3999	
4000	219	
4001	219	
4002	219	
4003	
4004	219	
4005	219	
4006	219	
4007	219	
4008	219	
4009	219	
4010	
4011	219	
4012	219	
4013	
4014	
4015	219	
4016	
4017	219	
4018	219	
4019	
4020	
4021	219	
4022	
4023	219	
4024	
4025	219	
4026	219	
4027	219	
4028	219	
4029	219	
4030	
4031	219	
4032	219	
4033	219	
4034	
4035	219	
4036	219	
4037	219	
4038	219	
4039	
4040	219	
4041	
4042	219	
4043	219	
4044	219	
4045	219	
4046	219	639	
4047	219	463	
4048	
4049	219	
4050	
4051	
4052	219	
4053	219	
4054	219	
4055	
4056	219	
4057	219	
4058	219	
4059	219	
4060	219	
4061	219	
4062	
4063	219	
4064	
4065	219	
4066	
4067	
4068	8	179	219	
4069	219	
4070	
4071	219	316	
4072	219	
4073	219	
4074	219	
4075	
4076	219	
4077	219	
4078	219	
4079	219	
4080	219	
4081	219	
4082	219	
4083	219	
4084	219	
4085	
4086	219	323	
4087	219	540	
4088	219	
4089	219	
4090	219	
4091	219	
4092	
4093	
4094	
4095	
4096	
4097	
4098	
4099	
4100	
4101	
4102	
4103	
4104	
4105	
4106	
4107	
4108	
4109	
4110	
4111	
4112	
4113	
4114	
4115	
4116	
4117	
4118	
4119	
4120	
4121	
4122	
4123	
4124	220	
4125	
4126	
4127	
4128	
4129	
4130	
4131	
4132	
4133	
4134	
4135	477	
4136	
4137	
4138	
4139	
4140	
4141	648	
4142	
4143	316	682	
4144	
4145	390	
4146	
4147	
4148	
4149	
4150	
4151	225	672	
4152	
4153	
4154	
4155	
4156	
4157	
4158	
4159	
4160	
4161	
4162	179	565	
4163	
4164	
4165	672	
4166	
4167	541	597	
4168	350	528	
4169	
4170	
4171	
4172	628	
4173	
4174	164	369	599	
4175	
4176	
4177	
4178	
4179	388	498	527	634	
4180	109	
4181	291	
4182	291	
4183	
4184	
4185	
4186	175	258	290	316	389	400	439	505	524	600	628	648	682	
4187	101	195	478	
4188	
4189	
4190	
4191	10	380	670	
4192	
4193	105	673	
4194	44	112	323	351	380	542	576	651	
4195	
4196	
4197	
4198	252	510	573	
4199	
4200	
4201	
4202	
4203	
4204	
4205	
4206	
4207	
4208	
4209	
4210	
4211	
4212	
4213	
4214	
4215	463	
4216	463	
4217	463	
4218	463	
4219	316	648	
4220	
4221	
4222	
4223	
4224	
4225	
4226	
4227	
4228	
4229	
4230	
4231	
4232	
4233	
4234	220	
4235	
4236	366	
4237	
4238	
4239	215	241	681	
4240	
4241	
4242	
4243	
4244	
4245	
4246	
4247	
4248	
4249	
4250	
4251	
4252	
4253	
4254	
4255	
4256	
4257	
4258	
4259	
4260	
4261	
4262	
4263	
4264	
4265	
4266	
4267	
4268	
4269	
4270	
4271	540	
4272	
4273	
4274	
4275	
4276	
4277	
4278	
4279	
4280	
4281	
4282	227	350	519	569	
4283	649	664	
4284	
4285	
4286	
4287	
4288	
4289	
4290	
4291	
4292	101	478	649	664	
4293	
4294	
4295	
4296	
4297	
4298	
4299	
4300	
4301	
4302	
4303	
4304	
4305	
4306	
4307	
4308	
4309	
4310	
4311	
4312	
4313	
4314	390	
4315	
4316	
4317	
4318	
4319	
4320	
4321	
4322	
4323	
4324	
4325	
4326	
4327	
4328	
4329	
4330	
4331	
4332	
4333	
4334	
4335	
4336	
4337	
4338	
4339	
4340	
4341	
4342	103	186	206	648	
4343	
4344	
4345	211	490	611	649	664	
4346	
4347	
4348	649	664	
4349	
4350	
4351	
4352	
4353	
4354	
4355	182	
4356	10	11	76	191	238	499	506	
4357	
4358	
4359	
4360	
4361	
4362	
4363	84	674	
4364	42	570	
4365	570	
4366	42	
4367	570	
4368	206	
4369	206	
4370	
4371	
4372	206	
4373	206	
4374	206	
4375	206	
4376	
4377	206	
4378	206	
4379	
4380	
4381	
4382	
4383	
4384	48	
4385	
4386	
4387	
4388	
4389	
4390	
4391	
4392	
4393	
4394	
4395	
4396	
4397	
4398	
4399	
4400	
4401	
4402	
4403	
4404	
4405	
4406	
4407	
4408	
4409	
4410	
4411	298	
4412	251	334	632	648	
4413	505	
4414	
4415	
4416	
4417	
4418	
4419	18	
4420	
4421	11	
4422	
4423	
4424	11	
4425	
4426	10	254	
4427	
4428	
4429	144	162	460	477	505	542	
4430	
4431	179	
4432	
4433	
4434	
4435	
4436	
4437	
4438	
4439	
4440	
4441	
4442	
4443	
4444	
4445	
4446	
4447	
4448	
4449	
4450	
4451	
4452	477	
4453	382	
4454	
4455	382	
4456	
4457	35	241	382	495	681	
4458	12	191	400	439	524	581	600	
4459	12	175	439	524	581	600	
4460	12	175	439	524	581	600	
4461	439	524	581	600	
4462	12	400	524	
4463	400	439	490	524	581	600	
4464	175	400	439	524	600	643	
4465	175	400	439	524	600	
4466	12	175	400	524	
4467	12	400	439	524	600	
4468	12	524	
4469	175	400	439	524	581	
4470	400	439	524	600	
4471	175	439	524	581	600	
4472	175	524	581	600	
4473	175	524	581	
4474	12	175	439	524	
4475	12	175	439	524	
4476	400	439	524	600	
4477	12	175	600	
4478	175	400	524	643	
4479	12	400	524	581	600	
4480	12	175	400	439	524	600	
4481	175	400	524	581	
4482	400	524	581	
4483	12	175	524	581	600	
4484	175	439	524	581	600	
4485	175	400	524	581	600	
4486	400	439	524	600	
4487	175	524	581	
4488	12	400	524	600	
4489	12	175	524	600	
4490	175	524	581	600	
4491	400	439	524	600	
4492	12	175	400	524	600	
4493	400	439	524	581	600	
4494	12	524	600	
4495	400	524	581	600	
4496	12	175	400	524	600	
4497	12	175	439	581	
4498	12	400	439	581	600	
4499	400	439	524	581	600	
4500	164	369	439	524	581	599	600	601	
4501	7	12	164	175	369	400	524	599	600	601	
4502	12	439	524	600	643	
4503	12	175	400	428	524	581	600	660	
4504	7	12	175	400	439	524	599	600	
4505	175	400	439	524	600	
4506	12	439	524	600	
4507	12	175	400	524	581	600	
4508	7	12	101	164	216	369	478	524	581	599	601	682	
4509	12	175	400	524	581	
4510	12	175	400	439	581	600	
4511	12	175	400	439	524	581	600	
4512	175	428	439	524	600	
4513	400	524	600	
4514	12	175	400	439	524	581	600	
4515	12	400	439	524	
4516	12	175	400	439	581	600	
4517	12	400	439	524	
4518	12	175	400	581	
4519	175	400	439	524	581	600	
4520	12	175	400	581	600	
4521	12	175	439	524	581	
4522	175	400	439	524	581	600	
4523	358	
4524	358	
4525	358	
4526	358	
4527	358	
4528	358	
4529	
4530	
4531	
4532	358	
4533	358	
4534	358	
4535	358	
4536	358	
4537	358	
4538	
4539	
4540	358	574	
4541	358	
4542	358	
4543	358	648	
4544	358	
4545	
4546	
4547	
4548	
4549	
4550	540	
4551	540	
4552	
4553	540	
4554	540	
4555	101	478	
4556	540	
4557	540	
4558	540	
4559	540	
4560	540	
4561	540	
4562	540	
4563	540	
4564	540	
4565	
4566	540	
4567	
4568	540	
4569	
4570	540	
4571	
4572	
4573	540	
4574	540	
4575	
4576	540	
4577	540	
4578	540	
4579	540	
4580	540	
4581	
4582	540	
4583	390	639	
4584	540	
4585	
4586	
4587	80	237	252	284	540	
4588	540	
4589	540	
4590	
4591	540	
4592	
4593	490	540	648	
4594	316	540	
4595	540	
4596	540	
4597	540	
4598	
4599	540	
4600	
4601	540	
4602	540	
4603	540	
4604	
4605	540	
4606	389	540	
4607	
4608	
4609	
4610	
4611	
4612	
4613	
4614	
4615	
4616	
4617	150	
4618	
4619	648	
4620	
4621	
4622	
4623	
4624	
4625	648	
4626	
4627	
4628	
4629	
4630	
4631	
4632	
4633	
4634	
4635	
4636	
4637	
4638	
4639	
4640	
4641	
4642	
4643	
4644	
4645	
4646	
4647	
4648	
4649	
4650	
4651	
4652	
4653	
4654	
4655	
4656	
4657	
4658	
4659	
4660	
4661	
4662	
4663	
4664	
4665	
4666	
4667	
4668	
4669	
4670	328	
4671	
4672	
4673	
4674	259	
4675	
4676	
4677	
4678	
4679	
4680	
4681	
4682	
4683	
4684	
4685	390	
4686	
4687	
4688	390	660	
4689	
4690	
4691	
4692	
4693	
4694	
4695	629	
4696	
4697	
4698	
4699	
4700	
4701	
4702	
4703	
4704	
4705	
4706	
4707	
4708	
4709	
4710	
4711	
4712	378	
4713	530	
4714	378	530	
4715	378	530	
4716	378	530	
4717	378	530	
4718	378	530	
4719	530	
4720	378	530	
4721	530	
4722	378	530	
4723	378	
4724	378	530	
4725	378	530	
4726	378	530	
4727	378	530	
4728	378	530	
4729	378	
4730	290	
4731	290	
4732	290	
4733	290	
4734	290	
4735	290	
4736	648	
4737	290	
4738	
4739	290	
4740	290	
4741	
4742	
4743	
4744	
4745	
4746	
4747	
4748	
4749	
4750	
4751	
4752	
4753	
4754	
4755	
4756	
4757	
4758	
4759	
4760	
4761	
4762	
4763	
4764	541	
4765	
4766	
4767	
4768	
4769	
4770	
4771	
4772	
4773	
4774	490	
4775	
4776	
4777	
4778	
4779	
4780	
4781	
4782	
4783	
4784	
4785	
4786	
4787	
4788	
4789	
4790	573	
4791	
4792	101	478	565	628	
4793	
4794	
4795	
4796	
4797	
4798	
4799	462	
4800	
4801	
4802	
4803	
4804	
4805	
4806	
4807	
4808	
4809	
4810	
4811	
4812	
4813	216	299	502	
4814	
4815	
4816	
4817	
4818	
4819	
4820	239	251	366	510	651	
4821	
4822	
4823	
4824	
4825	
4826	
4827	316	350	569	
4828	
4829	
4830	
4831	
4832	
4833	
4834	
4835	
4836	
4837	
4838	
4839	
4840	107	519	
4841	
4842	
4843	
4844	
4845	
4846	
4847	107	
4848	
4849	107	
4850	
4851	107	
4852	107	
4853	
4854	
4855	107	
4856	
4857	107	150	
4858	107	
4859	
4860	
4861	
4862	
4863	
4864	
4865	390	
4866	
4867	
4868	
4869	
4870	
4871	
4872	
4873	670	
4874	
4875	
4876	
4877	245	
4878	
4879	
4880	
4881	
4882	
4883	
4884	
4885	
4886	53	
4887	389	
4888	
4889	
4890	
4891	574	
4892	
4893	
4894	
4895	
4896	
4897	
4898	
4899	
4900	
4901	
4902	
4903	
4904	104	221	301	305	
4905	
4906	648	
4907	186	
4908	
4909	
4910	
4911	
4912	
4913	
4914	84	
4915	
4916	
4917	
4918	
4919	
4920	
4921	
4922	
4923	
4924	
4925	649	664	
4926	
4927	
4928	
4929	
4930	
4931	
4932	
4933	
4934	
4935	
4936	
4937	
4938	
4939	
4940	
4941	
4942	
4943	
4944	495	
4945	
4946	
4947	
4948	
4949	
4950	
4951	
4952	
4953	188	390	
4954	
4955	7	164	369	601	
4956	
4957	
4958	
4959	
4960	
4961	
4962	
4963	
4964	
4965	
4966	
4967	
4968	
4969	
4970	
4971	
4972	
4973	
4974	
4975	
4976	
4977	
4978	
4979	
4980	
4981	
4982	
4983	
4984	
4985	
4986	
4987	
4988	
4989	
4990	
4991	
4992	
4993	
4994	
4995	
4996	
4997	
4998	
4999	
5000	
5001	
5002	
5003	
5004	
5005	
5006	
5007	
5008	
5009	
5010	
5011	
5012	
5013	
5014	
5015	
5016	
5017	
5018	
5019	
5020	
5021	
5022	
5023	
5024	
5025	
5026	
5027	
5028	
5029	
5030	
5031	
5032	
5033	
5034	
5035	
5036	
5037	
5038	
5039	
5040	
5041	
5042	
5043	
5044	
5045	
5046	
5047	302	
5048	541	
5049	
5050	322	
5051	238	
5052	142	
5053	142	
5054	142	
5055	142	
5056	142	
5057	
5058	
5059	
5060	
5061	
5062	
5063	
5064	
5065	390	
5066	477	
5067	
5068	
5069	
5070	
5071	258	
5072	
5073	
5074	
5075	
5076	
5077	
5078	
5079	
5080	7	164	369	541	599	
5081	7	164	369	599	
5082	
5083	
5084	
5085	
5086	
5087	
5088	
5089	
5090	
5091	
5092	
5093	
5094	48	330	389	
5095	
5096	
5097	
5098	
5099	
5100	
5101	
5102	
5103	
5104	
5105	
5106	
5107	
5108	
5109	649	664	
5110	
5111	
5112	
5113	
5114	
5115	
5116	
5117	
5118	
5119	
5120	
5121	
5122	
5123	
5124	
5125	
5126	
5127	
5128	
5129	
5130	
5131	
5132	
5133	
5134	
5135	
5136	
5137	
5138	
5139	
5140	
5141	
5142	
5143	
5144	
5145	10	150	494	
5146	35	
5147	
5148	428	
5149	
5150	7	79	369	
5151	
5152	
5153	
5154	
5155	
5156	
5157	
5158	
5159	
5160	
5161	211	297	
5162	211	297	
5163	297	
5164	297	
5165	211	297	
5166	
5167	211	297	
5168	
5169	80	284	
5170	
5171	
5172	
5173	
5174	630	
5175	630	
5176	
5177	
5178	385	
5179	385	
5180	
5181	
5182	385	510	649	651	664	
5183	
5184	
5185	34	242	477	
5186	634	
5187	634	
5188	634	
5189	388	634	648	
5190	388	634	
5191	634	
5192	
5193	634	
5194	634	
5195	634	
5196	634	
5197	388	634	
5198	388	634	
5199	634	
5200	388	634	
5201	388	634	
5202	634	
5203	388	
5204	6	
5205	287	
5206	6	287	
5207	6	287	
5208	
5209	6	287	
5210	6	287	
5211	287	
5212	6	287	380	494	611	
5213	
5214	
5215	
5216	
5217	
5218	
5219	
5220	
5221	
5222	
5223	
5224	
5225	
5226	
5227	632	
5228	
5229	
5230	
5231	
5232	
5233	
5234	
5235	
5236	
5237	
5238	
5239	
5240	
5241	
5242	116	
5243	
5244	239	
5245	
5246	639	
5247	
5248	
5249	35	
5250	
5251	
5252	
5253	
5254	
5255	
5256	
5257	
5258	
5259	
5260	
5261	
5262	
5263	
5264	
5265	
5266	
5267	
5268	
5269	
5270	
5271	
5272	
5273	
5274	
5275	
5276	
5277	
5278	
5279	
5280	
5281	
5282	
5283	
5284	
5285	
5286	
5287	
5288	
5289	53	
5290	
5291	
5292	
5293	
5294	
5295	
5296	
5297	
5298	
5299	
5300	
5301	
5302	
5303	
5304	
5305	
5306	
5307	
5308	
5309	
5310	
5311	
5312	
5313	366	458	510	651	
5314	458	
5315	458	
5316	458	
5317	458	
5318	458	
5319	458	
5320	458	
5321	391	458	
5322	458	
5323	458	
5324	499	506	
5325	
5326	499	506	
5327	222	
5328	222	
5329	
5330	
5331	
5332	
5333	
5334	
5335	
5336	
5337	
5338	
5339	
5340	
5341	
5342	
5343	
5344	
5345	
5346	
5347	
5348	
5349	
5350	
5351	
5352	
5353	
5354	
5355	
5356	
5357	
5358	
5359	
5360	
5361	
5362	
5363	
5364	
5365	
5366	
5367	
5368	583	
5369	583	
5370	583	
5371	583	
5372	
5373	
5374	
5375	
5376	
5377	
5378	
5379	
5380	293	
5381	
5382	258	
5383	
5384	225	672	
5385	672	
5386	225	
5387	225	672	
5388	225	672	
5389	672	
5390	672	
5391	672	
5392	672	
5393	672	
5394	672	
5395	225	672	
5396	672	
5397	225	672	
5398	225	672	
5399	225	672	
5400	225	
5401	48	672	
5402	38	597	672	
5403	225	672	
5404	672	
5405	225	
5406	225	227	350	528	569	672	
5407	225	672	
5408	225	672	
5409	227	350	528	569	
5410	672	
5411	672	
5412	225	672	
5413	672	
5414	225	672	
5415	65	227	350	431	569	
5416	73	225	294	672	
5417	672	
5418	
5419	
5420	
5421	
5422	
5423	
5424	
5425	
5426	
5427	
5428	
5429	
5430	
5431	
5432	99	100	154	460	676	
5433	
5434	
5435	
5436	
5437	
5438	
5439	490	
5440	
5441	
5442	
5443	
5444	
5445	
5446	
5447	
5448	
5449	
5450	
5451	
5452	
5453	
5454	
5455	
5456	
5457	
5458	
5459	
5460	
5461	
5462	
5463	
5464	
5465	
5466	
5467	
5468	
5469	
5470	
5471	
5472	
5473	
5474	
5475	
5476	
5477	
5478	
5479	104	305	665	
5480	237	240	
5481	
5482	
5483	254	
5484	
5485	
5486	
5487	
5488	
5489	216	
5490	
5491	
5492	519	
5493	
5494	
5495	
5496	53	
5497	53	
5498	53	
5499	53	
5500	53	542	
5501	53	
5502	53	144	162	
5503	53	
5504	53	
5505	53	
5506	53	
5507	5	53	79	259	427	432	
5508	69	82	109	
5509	
5510	
5511	
5512	
5513	
5514	
5515	500	
5516	215	
5517	
5518	
5519	7	164	369	599	
5520	7	164	369	599	601	
5521	7	164	369	599	
5522	7	164	369	
5523	7	369	599	
5524	7	164	369	599	601	
5525	7	369	599	601	
5526	7	164	369	599	
5527	7	369	599	601	
5528	7	369	599	601	
5529	164	369	599	601	
5530	164	369	601	
5531	7	164	369	599	
5532	7	164	369	601	
5533	7	164	369	
5534	7	164	599	
5535	7	164	369	599	601	
5536	7	164	369	599	
5537	7	164	369	599	
5538	7	164	369	601	
5539	164	369	599	601	
5540	164	369	599	601	
5541	164	369	
5542	7	164	599	
5543	7	164	369	599	
5544	7	164	369	599	
5545	7	369	599	
5546	369	599	601	
5547	7	164	369	599	601	
5548	7	369	599	601	
5549	7	164	369	599	
5550	164	369	599	601	
5551	7	164	369	599	601	
5552	7	369	599	601	
5553	7	369	599	
5554	7	164	369	599	
5555	7	164	369	601	
5556	164	369	599	601	
5557	7	164	369	
5558	7	369	599	
5559	7	599	
5560	7	164	369	599	
5561	7	164	369	599	601	
5562	7	144	162	164	369	599	
5563	7	369	599	601	
5564	164	369	599	
5565	7	164	369	599	601	
5566	7	369	599	
5567	7	164	369	389	599	
5568	7	164	369	599	601	
5569	369	
5570	7	164	369	599	
5571	7	369	599	
5572	7	164	193	369	599	
5573	164	369	599	601	
5574	7	164	369	599	601	
5575	7	164	369	599	601	
5576	7	164	369	599	
5577	7	115	164	369	599	601	
5578	7	164	369	599	
5579	7	369	599	601	
5580	164	369	599	
5581	7	164	369	599	
5582	7	164	369	601	
5583	7	164	369	599	601	
5584	7	369	599	601	
5585	7	164	369	
5586	7	164	369	599	
5587	7	369	599	601	
5588	7	164	369	601	
5589	7	164	369	599	601	
5590	7	369	599	601	
5591	164	369	
5592	
5593	
5594	
5595	
5596	
5597	
5598	
5599	
5600	
5601	189	
5602	
5603	
5604	
5605	
5606	
5607	
5608	
5609	
5610	
5611	
5612	
5613	
5614	80	284	574	
5615	
5616	
5617	
5618	
5619	
5620	
5621	
5622	
5623	
5624	
5625	330	
5626	
5627	
5628	
5629	
5630	
5631	
5632	
5633	
5634	
5635	
5636	
5637	
5638	
5639	
5640	
5641	
5642	
5643	
5644	
5645	
5646	
5647	
5648	
5649	500	
5650	
5651	368	390	
5652	
5653	
5654	
5655	
5656	
5657	648	
5658	
5659	216	
5660	216	
5661	
5662	
5663	216	
5664	216	
5665	216	
5666	
5667	216	
5668	216	
5669	216	
5670	216	
5671	216	
5672	216	
5673	216	
5674	216	
5675	
5676	216	
5677	
5678	
5679	216	
5680	
5681	
5682	216	
5683	
5684	216	
5685	144	216	648	
5686	
5687	
5688	
5689	216	
5690	
5691	
5692	
5693	
5694	
5695	
5696	
5697	
5698	
5699	
5700	16	
5701	
5702	
5703	
5704	
5705	
5706	
5707	
5708	
5709	
5710	
5711	5	
5712	
5713	
5714	144	162	
5715	
5716	
5717	10	596	
5718	
5719	
5720	
5721	
5722	
5723	251	
5724	
5725	
5726	
5727	
5728	
5729	
5730	
5731	366	
5732	
5733	
5734	
5735	
5736	
5737	
5738	49	182	191	
5739	49	503	
5740	
5741	
5742	
5743	
5744	
5745	
5746	
5747	
5748	
5749	
5750	
5751	
5752	
5753	
5754	241	681	
5755	
5756	
5757	
5758	
5759	
5760	
5761	73	294	681	
5762	
5763	
5764	
5765	
5766	195	316	
5767	
5768	
5769	
5770	
5771	
5772	
5773	
5774	
5775	
5776	
5777	
5778	
5779	
5780	
5781	
5782	
5783	
5784	
5785	
5786	
5787	
5788	
5789	
5790	
5791	
5792	
5793	
5794	
5795	
5796	
5797	
5798	251	643	
5799	357	
5800	
5801	
5802	
5803	
5804	
5805	
5806	
5807	
5808	
5809	457	
5810	
5811	
5812	
5813	
5814	
5815	682	
5816	
5817	
5818	368	
5819	368	
5820	
5821	
5822	368	
5823	
5824	368	
5825	368	
5826	368	
5827	
5828	
5829	368	
5830	
5831	
5832	368	
5833	
5834	368	
5835	368	
5836	368	
5837	368	
5838	
5839	
5840	368	
5841	368	
5842	
5843	
5844	
5845	368	639	
5846	368	
5847	
5848	368	
5849	368	
5850	368	
5851	
5852	323	
5853	584	
5854	
5855	240	584	
5856	681	
5857	241	
5858	241	681	
5859	241	681	
5860	241	681	
5861	241	681	
5862	681	
5863	241	681	
5864	
5865	241	681	
5866	241	
5867	241	681	
5868	
5869	
5870	
5871	
5872	
5873	
5874	
5875	
5876	
5877	
5878	
5879	
5880	
5881	
5882	
5883	
5884	
5885	
5886	
5887	
5888	
5889	
5890	
5891	
5892	
5893	
5894	
5895	
5896	
5897	
5898	
5899	682	
5900	
5901	
5902	
5903	
5904	
5905	
5906	
5907	
5908	
5909	
5910	
5911	457	
5912	
5913	
5914	
5915	
5916	
5917	
5918	
5919	477	
5920	
5921	
5922	
5923	
5924	
5925	
5926	390	
5927	490	
5928	
5929	490	
5930	
5931	366	490	
5932	490	
5933	490	
5934	
5935	490	
5936	490	
5937	490	
5938	
5939	
5940	
5941	
5942	
5943	
5944	
5945	490	
5946	
5947	
5948	490	
5949	490	
5950	490	
5951	
5952	
5953	
5954	
5955	490	
5956	490	
5957	
5958	490	
5959	490	
5960	490	
5961	490	573	
5962	
5963	490	
5964	490	
5965	490	
5966	490	
5967	
5968	490	
5969	
5970	490	
5971	
5972	237	252	490	
5973	
5974	
5975	
5976	639	
5977	
5978	
5979	
5980	
5981	
5982	
5983	
5984	639	
5985	
5986	
5987	
5988	639	
5989	639	
5990	639	
5991	639	
5992	639	
5993	639	
5994	13	240	639	
5995	639	648	
5996	
5997	
5998	639	
5999	639	
6000	
6001	
6002	
6003	
6004	
6005	
6006	
6007	
6008	
6009	
6010	
6011	
6012	
6013	
6014	
6015	
6016	
6017	
6018	
6019	10	
6020	
6021	
6022	
6023	
6024	
6025	15	214	
6026	
6027	
6028	
6029	
6030	
6031	
6032	
6033	
6034	574	
6035	
6036	
6037	
6038	
6039	
6040	
6041	
6042	
6043	
6044	
6045	251	
6046	
6047	
6048	
6049	
6050	
6051	
6052	
6053	
6054	
6055	
6056	
6057	
6058	
6059	
6060	
6061	
6062	
6063	
6064	
6065	
6066	
6067	
6068	
6069	
6070	
6071	
6072	
6073	
6074	643	
6075	682	
6076	
6077	
6078	
6079	
6080	
6081	
6082	
6083	565	
6084	
6085	
6086	34	242	
6087	
6088	
6089	
6090	
6091	
6092	
6093	
6094	
6095	
6096	
6097	
6098	
6099	322	
6100	
6101	
6102	
6103	
6104	
6105	
6106	
6107	
6108	
6109	
6110	
6111	
6112	
6113	
6114	
6115	
6116	
6117	
6118	
6119	
6120	
6121	
6122	
6123	82	301	505	
6124	
6125	
6126	
6127	
6128	
6129	
6130	
6131	
6132	
6133	
6134	
6135	
6136	101	478	649	664	
6137	
6138	
6139	
6140	
6141	
6142	
6143	
6144	602	
6145	602	
6146	5	602	
6147	602	
6148	602	
6149	602	
6150	38	428	597	
6151	460	
6152	460	
6153	460	
6154	460	
6155	460	
6156	460	
6157	460	
6158	
6159	460	
6160	460	
6161	99	100	460	462	
6162	460	
6163	460	
6164	460	
6165	460	
6166	460	
6167	
6168	460	
6169	460	
6170	460	
6171	
6172	
6173	
6174	
6175	
6176	
6177	
6178	
6179	
6180	
6181	
6182	
6183	
6184	
6185	
6186	
6187	
6188	
6189	
6190	
6191	
6192	
6193	
6194	
6195	
6196	
6197	
6198	
6199	
6200	
6201	
6202	
6203	
6204	
6205	
6206	
6207	
6208	
6209	
6210	
6211	316	
6212	
6213	
6214	
6215	316	
6216	
6217	
6218	
6219	
6220	632	
6221	
6222	
6223	
6224	
6225	
6226	
6227	
6228	
6229	298	611	
6230	97	
6231	
6232	
6233	
6234	
6235	
6236	
6237	
6238	
6239	
6240	259	
6241	
6242	
6243	259	
6244	259	
6245	259	
6246	259	
6247	259	
6248	259	
6249	259	
6250	259	
6251	
6252	
6253	259	
6254	259	
6255	259	
6256	259	
6257	259	
6258	259	
6259	259	
6260	
6261	259	
6262	
6263	
6264	259	
6265	259	
6266	
6267	
6268	
6269	
6270	
6271	
6272	
6273	
6274	
6275	
6276	
6277	
6278	
6279	
6280	
6281	
6282	
6283	
6284	
6285	
6286	
6287	
6288	115	
6289	115	
6290	
6291	
6292	
6293	
6294	
6295	
6296	
6297	
6298	
6299	
6300	
6301	
6302	
6303	
6304	
6305	
6306	
6307	
6308	
6309	
6310	
6311	
6312	179	366	508	
6313	
6314	
6315	350	528	569	
6316	
6317	
6318	
6319	
6320	
6321	
6322	
6323	
6324	682	
6325	
6326	
6327	
6328	
6329	96	
6330	96	
6331	96	
6332	
6333	
6334	97	
6335	322	
6336	
6337	97	
6338	
6339	97	
6340	38	597	
6341	597	
6342	38	597	
6343	38	597	
6344	38	597	
6345	597	
6346	38	597	
6347	38	597	
6348	38	597	
6349	38	597	
6350	597	
6351	38	
6352	597	
6353	38	597	
6354	597	
6355	38	597	
6356	38	597	
6357	38	597	
6358	38	597	
6359	597	
6360	38	597	
6361	597	
6362	597	
6363	597	
6364	
6365	
6366	115	
6367	
6368	115	
6369	115	
6370	115	
6371	220	
6372	
6373	
6374	
6375	
6376	
6377	
6378	
6379	
6380	
6381	
6382	
6383	
6384	503	
6385	214	674	
6386	214	
6387	
6388	
6389	
6390	
6391	101	478	
6392	101	333	478	
6393	101	478	
6394	101	478	
6395	101	478	
6396	478	
6397	101	478	
6398	101	478	
6399	101	478	
6400	101	478	
6401	101	478	
6402	101	478	
6403	101	478	
6404	101	478	
6405	101	478	
6406	101	478	
6407	334	
6408	
6409	
6410	
6411	
6412	682	
6413	258	
6414	258	
6415	258	
6416	258	
6417	258	
6418	258	
6419	258	
6420	258	
6421	258	
6422	
6423	258	
6424	258	
6425	258	
6426	258	
6427	258	
6428	258	
6429	258	
6430	258	
6431	258	
6432	258	
6433	258	
6434	258	
6435	
6436	258	
6437	258	
6438	
6439	258	
6440	258	
6441	258	
6442	258	
6443	258	
6444	258	
6445	258	
6446	258	
6447	144	162	258	
6448	258	
6449	
6450	
6451	
6452	
6453	
6454	
6455	
6456	
6457	
6458	
6459	
6460	
6461	
6462	
6463	5	
6464	75	
6465	39	607	
6466	39	
6467	
6468	
6469	
6470	
6471	
6472	
6473	
6474	
6475	
6476	
6477	
6478	
6479	503	
6480	503	
6481	503	
6482	
6483	
6484	
6485	
6486	
6487	
6488	
6489	
6490	
6491	
6492	
6493	
6494	
6495	
6496	
6497	
6498	195	
6499	
6500	
6501	
6502	389	
6503	
6504	
6505	
6506	
6507	
6508	
6509	
6510	
6511	
6512	
6513	
6514	
6515	
6516	
6517	
6518	
6519	
6520	682	
6521	
6522	
6523	
6524	
6525	
6526	
6527	
6528	
6529	
6530	
6531	
6532	
6533	
6534	
6535	
6536	
6537	
6538	
6539	
6540	
6541	
6542	
6543	
6544	
6545	
6546	
6547	
6548	
6549	
6550	
6551	
6552	10	105	542	673	
6553	105	673	
6554	
6555	
6556	
6557	
6558	
6559	
6560	
6561	
6562	
6563	
6564	
6565	
6566	
6567	
6568	
6569	
6570	
6571	
6572	
6573	334	
6574	628	
6575	
6576	
6577	
6578	
6579	
6580	
6581	
6582	
6583	
6584	
6585	
6586	
6587	
6588	
6589	
6590	
6591	
6592	
6593	
6594	
6595	
6596	
6597	
6598	
6599	
6600	
6601	
6602	
6603	
6604	
6605	79	158	299	632	
6606	
6607	
6608	
6609	
6610	
6611	
6612	
6613	
6614	
6615	
6616	
6617	
6618	
6619	
6620	
6621	
6622	
6623	
6624	
6625	
6626	
6627	
6628	
6629	
6630	
6631	
6632	
6633	
6634	
6635	
6636	
6637	
6638	
6639	
6640	
6641	
6642	
6643	
6644	
6645	
6646	
6647	
6648	
6649	
6650	
6651	
6652	
6653	
6654	
6655	
6656	
6657	
6658	
6659	
6660	
6661	
6662	
6663	
6664	
6665	
6666	
6667	
6668	
6669	
6670	
6671	
6672	
6673	
6674	
6675	
6676	330	334	
6677	
6678	
6679	
6680	
6681	
6682	
6683	
6684	
6685	
6686	245	
6687	
6688	
6689	
6690	
6691	
6692	
6693	357	
6694	
6695	
6696	
6697	
6698	
6699	
6700	
6701	179	
6702	
6703	
6704	
6705	
6706	
6707	
6708	
6709	
6710	
6711	
6712	
6713	
6714	
6715	
6716	
6717	
6718	
6719	
6720	353	
6721	353	
6722	
6723	353	
6724	
6725	
6726	
6727	
6728	
6729	
6730	
6731	
6732	
6733	
6734	
6735	
6736	
6737	
6738	
6739	
6740	112	323	
6741	112	323	
6742	112	323	
6743	112	323	
6744	112	323	
6745	112	323	
6746	323	
6747	323	
6748	112	323	
6749	323	
6750	112	323	
6751	323	
6752	112	254	323	
6753	179	323	576	645	
6754	112	323	432	
6755	
6756	
6757	
6758	
6759	315	
6760	380	
6761	315	
6762	
6763	
6764	
6765	
6766	
6767	505	
6768	
6769	105	239	643	673	
6770	
6771	
6772	
6773	
6774	
6775	
6776	
6777	
6778	
6779	
6780	
6781	
6782	
6783	
6784	
6785	
6786	
6787	
6788	
6789	
6790	4	
6791	4	
6792	4	
6793	4	
6794	4	
6795	4	
6796	4	
6797	4	
6798	4	
6799	4	
6800	
6801	4	
6802	
6803	
6804	
6805	
6806	
6807	
6808	
6809	
6810	
6811	
6812	
6813	
6814	
6815	
6816	
6817	
6818	
6819	
6820	
6821	
6822	
6823	
6824	
6825	
6826	
6827	
6828	
6829	
6830	
6831	
6832	
6833	
6834	
6835	
6836	
6837	
6838	
6839	
6840	
6841	
6842	
6843	
6844	
6845	
6846	
6847	
6848	
6849	
6850	
6851	
6852	
6853	
6854	
6855	
6856	
6857	
6858	
6859	
6860	
6861	
6862	
6863	73	294	
6864	
6865	
6866	
6867	
6868	
6869	
6870	
6871	
6872	
6873	
6874	
6875	
6876	299	
6877	
6878	494	
6879	
6880	
6881	
6882	299	502	
6883	
6884	
6885	
6886	
6887	
6888	
6889	
6890	
6891	
6892	
6893	
6894	
6895	
6896	
6897	
6898	
6899	
6900	
6901	
6902	
6903	428	
6904	
6905	428	
6906	428	
6907	46	
6908	46	
6909	428	
6910	46	428	
6911	46	
6912	46	428	
6913	46	428	
6914	46	428	
6915	46	428	
6916	46	428	
6917	428	
6918	46	
6919	46	428	
6920	46	
6921	46	
6922	46	428	
6923	46	
6924	46	
6925	46	428	457	
6926	428	
6927	
6928	46	149	221	249	428	596	
6929	428	
6930	46	428	
6931	46	428	
6932	428	
6933	46	428	
6934	
6935	674	
6936	
6937	116	494	
6938	674	
6939	674	
6940	674	
6941	674	
6942	674	
6943	674	
6944	674	
6945	674	
6946	
6947	
6948	328	
6949	
6950	
6951	328	366	505	
6952	328	
6953	
6954	328	
6955	328	
6956	328	
6957	
6958	328	
6959	328	
6960	328	
6961	
6962	
6963	328	
6964	
6965	328	
6966	
6967	328	
6968	328	
6969	
6970	
6971	328	
6972	328	
6973	
6974	328	
6975	
6976	328	
6977	328	
6978	328	
6979	
6980	
6981	
6982	
6983	
6984	
6985	643	
6986	643	
6987	
6988	643	
6989	643	
6990	643	
6991	643	
6992	
6993	643	
6994	643	
6995	
6996	
6997	
6998	643	
6999	
7000	643	
7001	
7002	643	
7003	643	
7004	643	
7005	643	
7006	643	
7007	
7008	643	
7009	643	
7010	643	
7011	643	
7012	643	
7013	643	
7014	596	
7015	596	
7016	596	
7017	596	
7018	596	
7019	596	
7020	
7021	186	
7022	
7023	
7024	186	
7025	186	389	
7026	186	
7027	186	
7028	642	
7029	642	
7030	299	502	504	642	
7031	642	
7032	239	366	642	
7033	366	
7034	366	
7035	366	
7036	366	
7037	366	
7038	366	
7039	366	
7040	366	
7041	366	
7042	366	
7043	366	
7044	366	
7045	366	
7046	366	
7047	366	
7048	366	
7049	366	
7050	239	366	
7051	366	
7052	80	284	366	
7053	
7054	
7055	
7056	
7057	
7058	
7059	
7060	
7061	
7062	
7063	104	305	
7064	
7065	249	
7066	
7067	
7068	
7069	
7070	
7071	
7072	
7073	
7074	
7075	
7076	
7077	334	
7078	334	
7079	334	
7080	334	
7081	334	519	
7082	
7083	
7084	
7085	
7086	
7087	
7088	
7089	
7090	
7091	
7092	
7093	
7094	
7095	
7096	
7097	
7098	
7099	
7100	
7101	541	
7102	
7103	
7104	
7105	
7106	
7107	
7108	
7109	
7110	
7111	
7112	
7113	
7114	
7115	10	
7116	
7117	
7118	
7119	
7120	628	
7121	
7122	
7123	
7124	
7125	
7126	
7127	
7128	
7129	
7130	
7131	
7132	
7133	
7134	
7135	
7136	
7137	143	249	665	
7138	435	
7139	
7140	435	
7141	435	
7142	435	
7143	435	
7144	435	
7145	
7146	
7147	
7148	
7149	
7150	
7151	
7152	
7153	
7154	
7155	
7156	
7157	
7158	
7159	
7160	
7161	
7162	
7163	
7164	
7165	
7166	
7167	
7168	
7169	
7170	
7171	
7172	
7173	
7174	
7175	
7176	
7177	
7178	
7179	
7180	
7181	
7182	
7183	
7184	
7185	
7186	86	
7187	
7188	
7189	
7190	
7191	
7192	
7193	
7194	
7195	
7196	
7197	
7198	628	
7199	
7200	
7201	
7202	
7203	
7204	
7205	224	
7206	
7207	541	
7208	541	
7209	541	
7210	541	
7211	
7212	541	
7213	541	
7214	
7215	
7216	541	
7217	
7218	
7219	
7220	541	
7221	
7222	541	
7223	541	
7224	541	
7225	
7226	541	
7227	541	
7228	
7229	
7230	541	
7231	541	
7232	541	
7233	541	
7234	541	
7235	541	
7236	541	
7237	541	
7238	
7239	
7240	541	
7241	541	
7242	
7243	
7244	
7245	541	
7246	541	
7247	
7248	541	
7249	541	
7250	541	
7251	541	
7252	541	
7253	541	
7254	541	
7255	
7256	
7257	541	
7258	18	541	
7259	
7260	541	
7261	
7262	541	
7263	
7264	
7265	541	
7266	541	
7267	541	
7268	
7269	541	
7270	541	
7271	
7272	
7273	541	
7274	
7275	541	
7276	
7277	
7278	
7279	541	
7280	541	
7281	
7282	541	
7283	541	
7284	541	
7285	541	
7286	
7287	
7288	
7289	541	
7290	541	
7291	
7292	
7293	
7294	
7295	
7296	
7297	
7298	
7299	
7300	
7301	
7302	
7303	
7304	
7305	
7306	
7307	
7308	
7309	
7310	
7311	
7312	
7313	
7314	
7315	
7316	
7317	
7318	
7319	350	427	528	569	
7320	
7321	
7322	
7323	
7324	
7325	
7326	
7327	
7328	
7329	
7330	
7331	
7332	
7333	
7334	
7335	
7336	
7337	
7338	
7339	
7340	
7341	
7342	
7343	
7344	
7345	
7346	
7347	
7348	
7349	
7350	
7351	
7352	
7353	
7354	
7355	
7356	
7357	
7358	
7359	
7360	
7361	
7362	
7363	
7364	
7365	
7366	
7367	
7368	
7369	
7370	
7371	
7372	
7373	
7374	
7375	
7376	
7377	
7378	
7379	
7380	
7381	
7382	
7383	
7384	
7385	
7386	
7387	
7388	457	
7389	
7390	
7391	
7392	
7393	
7394	
7395	
7396	
7397	
7398	
7399	
7400	
7401	
7402	
7403	
7404	
7405	
7406	79	
7407	
7408	
7409	252	519	
7410	
7411	
7412	
7413	
7414	
7415	
7416	
7417	237	252	
7418	
7419	
7420	
7421	
7422	
7423	
7424	
7425	
7426	
7427	
7428	
7429	
7430	
7431	
7432	
7433	
7434	
7435	
7436	
7437	
7438	
7439	
7440	
7441	
7442	
7443	
7444	
7445	
7446	
7447	
7448	
7449	
7450	
7451	
7452	
7453	
7454	
7455	
7456	
7457	
7458	
7459	
7460	
7461	
7462	
7463	
7464	
7465	
7466	389	
7467	
7468	
7469	
7470	
7471	188	
7472	
7473	
7474	
7475	188	
7476	188	
7477	188	
7478	188	
7479	188	
7480	
7481	
7482	188	
7483	
7484	
7485	
7486	
7487	
7488	299	502	
7489	
7490	
7491	
7492	
7493	
7494	
7495	
7496	
7497	
7498	
7499	
7500	
7501	
7502	179	
7503	
7504	
7505	
7506	
7507	
7508	
7509	
7510	
7511	
7512	55	
7513	
7514	55	
7515	5	55	649	
7516	55	
7517	
7518	
7519	
7520	
7521	
7522	350	
7523	350	427	528	569	
7524	427	569	
7525	227	350	427	569	
7526	227	350	528	569	
7527	227	350	427	569	
7528	227	350	528	569	
7529	227	
7530	227	350	
7531	227	427	528	569	
7532	227	427	569	
7533	227	350	427	528	
7534	227	350	528	
7535	227	427	528	569	
7536	227	427	528	569	
7537	227	350	427	528	569	
7538	227	427	569	
7539	427	528	
7540	350	569	
7541	227	350	427	528	
7542	350	427	569	
7543	227	350	528	
7544	227	350	528	
7545	528	
7546	350	427	528	
7547	227	350	569	
7548	350	427	528	
7549	227	350	427	528	569	
7550	227	350	427	528	
7551	227	350	427	
7552	350	427	528	
7553	227	569	
7554	227	350	569	
7555	350	528	569	
7556	227	350	427	569	
7557	227	427	528	
7558	227	427	528	
7559	227	350	
7560	350	427	528	569	
7561	227	350	427	528	
7562	227	427	
7563	227	350	528	
7564	227	350	569	
7565	227	350	528	
7566	
7567	
7568	
7569	
7570	
7571	
7572	
7573	
7574	189	
7575	
7576	
7577	
7578	
7579	
7580	
7581	
7582	676	
7583	
7584	
7585	
7586	
7587	
7588	
7589	
7590	
7591	
7592	
7593	
7594	
7595	
7596	
7597	
7598	
7599	
7600	
7601	
7602	
7603	
7604	
7605	
7606	
7607	
7608	638	
7609	
7610	638	
7611	638	649	664	
7612	
7613	
7614	
7615	
7616	
7617	
7618	
7619	
7620	
7621	
7622	
7623	
7624	676	
7625	
7626	163	
7627	163	
7628	163	
7629	163	
7630	163	
7631	
7632	
7633	
7634	573	
7635	573	
7636	
7637	
7638	573	
7639	573	
7640	573	
7641	573	
7642	573	
7643	573	
7644	573	
7645	573	
7646	574	
7647	574	
7648	574	
7649	574	
7650	
7651	
7652	574	
7653	298	574	628	
7654	574	
7655	
7656	574	
7657	574	
7658	574	
7659	574	
7660	574	
7661	574	
7662	574	
7663	
7664	574	
7665	574	
7666	574	
7667	
7668	
7669	
7670	
7671	574	
7672	574	
7673	574	
7674	574	
7675	574	
7676	
7677	
7678	
7679	
7680	
7681	
7682	
7683	
7684	
7685	
7686	
7687	
7688	
7689	
7690	
7691	
7692	
7693	
7694	
7695	
7696	
7697	
7698	
7699	
7700	
7701	
7702	
7703	
7704	
7705	
7706	
7707	
7708	
7709	
7710	
7711	
7712	
7713	
7714	
7715	
7716	
7717	
7718	
7719	
7720	
7721	
7722	
7723	
7724	389	
7725	
7726	
7727	
7728	144	162	
7729	144	162	
7730	144	162	
7731	144	
7732	144	162	
7733	144	
7734	144	162	
7735	144	162	
7736	144	162	
7737	144	
7738	144	162	
7739	144	162	
7740	144	
7741	144	
7742	144	
7743	144	
7744	144	162	
7745	144	162	
7746	144	
7747	144	162	
7748	144	
7749	144	162	
7750	144	162	
7751	144	162	
7752	500	
7753	500	
7754	500	
7755	500	
7756	
7757	48	71	143	491	645	
7758	
7759	645	
7760	645	
7761	645	
7762	645	
7763	
7764	
7765	
7766	
7767	
7768	
7769	
7770	
7771	
7772	
7773	
7774	
7775	
7776	
7777	389	
7778	380	
7779	
7780	
7781	
7782	
7783	
7784	
7785	
7786	
7787	
7788	18	
7789	18	
7790	18	
7791	18	
7792	18	
7793	18	
7794	18	
7795	18	
7796	18	
7797	18	
7798	18	
7799	18	
7800	18	
7801	18	
7802	
7803	179	
7804	179	
7805	179	
7806	179	
7807	179	
7808	179	
7809	179	
7810	179	
7811	179	
7812	179	
7813	179	
7814	179	
7815	179	
7816	179	
7817	179	
7818	179	
7819	179	
7820	179	
7821	179	
7822	179	
7823	179	
7824	179	
7825	179	
7826	179	
7827	179	
7828	179	
7829	179	
7830	149	
7831	149	
7832	149	221	
7833	
7834	221	
7835	
7836	149	221	
7837	
7838	
7839	
7840	
7841	
7842	
7843	
7844	
7845	193	
7846	193	
7847	193	
7848	193	
7849	193	
7850	
7851	193	
7852	193	
7853	
7854	193	
7855	193	
7856	193	
7857	193	
7858	
7859	
7860	
7861	
7862	
7863	
7864	
7865	
7866	
7867	
7868	
7869	
7870	
7871	
7872	
7873	
7874	
7875	
7876	
7877	
7878	
7879	
7880	
7881	
7882	
7883	
7884	
7885	
7886	
7887	
7888	
7889	
7890	
7891	
7892	
7893	
7894	
7895	
7896	
7897	87	
7898	
7899	299	502	
7900	
7901	19	
7902	19	
7903	19	
7904	19	
7905	19	
7906	19	
7907	19	
7908	
7909	19	
7910	19	
7911	
7912	
7913	
7914	
7915	471	
7916	
7917	
7918	
7919	
7920	
7921	
7922	
7923	
7924	
7925	
7926	
7927	
7928	
7929	
7930	
7931	
7932	
7933	
7934	
7935	
7936	
7937	
7938	
7939	
7940	
7941	
7942	
7943	
7944	
7945	
7946	
7947	
7948	
7949	
7950	
7951	104	305	
7952	104	305	
7953	16	104	305	520	
7954	104	305	
7955	305	
7956	104	305	
7957	104	305	
7958	104	305	
7959	104	305	
7960	
7961	
7962	
7963	
7964	
7965	214	
7966	
7967	
7968	
7969	
7970	
7971	
7972	
7973	
7974	
7975	
7976	151	379	
7977	
7978	
7979	
7980	
7981	
7982	
7983	
7984	
7985	
7986	
7987	
7988	
7989	
7990	
7991	
7992	
7993	
7994	
7995	
7996	
7997	
7998	
7999	
8000	
8001	
8002	
8003	
8004	
8005	
8006	
8007	322	
8008	
8009	8	
8010	8	
8011	8	
8012	
8013	8	
8014	8	322	
8015	16	
8016	16	
8017	16	520	
8018	16	520	
8019	16	520	
8020	16	
8021	
8022	
8023	
8024	
8025	
8026	
8027	
8028	
8029	
8030	
8031	
8032	
8033	
8034	
8035	
8036	
8037	
8038	
8039	
8040	
8041	
8042	
8043	15	
8044	
8045	
8046	
8047	
8048	
8049	
8050	
8051	
8052	
8053	
8054	
8055	
8056	
8057	
8058	
8059	
8060	
8061	
8062	
8063	
8064	316	
8065	
8066	
8067	330	
8068	
8069	
8070	
8071	
8072	65	431	
8073	65	431	
8074	65	431	
8075	65	431	
8076	65	431	
8077	65	431	
8078	65	431	
8079	65	431	
8080	
8081	
8082	
8083	
8084	
8085	
8086	
8087	
8088	
8089	
8090	
8091	
8092	
8093	
8094	
8095	
8096	
8097	
8098	
8099	
8100	
8101	
8102	
8103	
8104	
8105	
8106	
8107	
8108	
8109	
8110	
8111	
8112	
8113	
8114	
8115	
8116	
8117	
8118	
8119	
8120	
8121	
8122	
8123	
8124	
8125	
8126	
8127	
8128	
8129	
8130	
8131	
8132	
8133	
8134	
8135	
8136	
8137	
8138	
8139	
8140	
8141	
8142	
8143	
8144	
8145	
8146	
8147	
8148	
8149	35	
8150	
8151	
8152	
8153	
8154	494	
8155	
8156	
8157	
8158	
8159	
8160	
8161	
8162	
8163	
8164	
8165	
8166	
8167	
8168	109	
8169	682	
8170	
8171	
8172	
8173	
8174	
8175	
8176	
8177	251	
8178	251	
8179	
8180	
8181	
8182	
8183	
8184	
8185	
8186	
8187	
8188	
8189	
8190	
8191	
8192	
8193	
8194	302	
8195	302	
8196	
8197	
8198	302	
8199	302	
8200	302	
8201	302	
8202	302	
8203	
8204	
8205	
8206	
8207	
8208	
8209	
8210	648	
8211	
8212	
8213	
8214	
8215	
8216	
8217	
8218	
8219	
8220	105	673	
8221	
8222	
8223	
8224	
8225	
8226	
8227	
8228	
8229	
8230	
8231	
8232	
8233	
8234	
8235	
8236	
8237	
8238	
8239	
8240	611	
8241	
8242	
8243	
8244	
8245	
8246	
8247	
8248	
8249	
8250	
8251	
8252	
8253	568	
8254	240	
8255	239	628	
8256	
8257	
8258	
8259	
8260	
8261	
8262	
8263	
8264	
8265	
8266	
8267	
8268	
8269	
8270	
8271	
8272	
8273	
8274	
8275	
8276	
8277	
8278	
8279	
8280	
8281	
8282	
8283	
8284	
8285	
8286	
8287	
8288	
8289	
8290	146	
8291	
8292	237	252	
8293	505	
8294	146	
8295	
8296	146	
8297	146	
8298	146	
8299	
8300	
8301	
8302	
8303	
8304	
8305	
8306	
8307	
8308	
8309	
8310	
8311	
8312	
8313	
8314	
8315	
8316	
8317	
8318	
8319	
8320	
8321	
8322	
8323	
8324	
8325	
8326	
8327	
8328	
8329	
8330	
8331	
8332	
8333	
8334	
8335	
8336	
8337	
8338	
8339	
8340	
8341	
8342	
8343	
8344	
8345	
8346	
8347	
8348	
8349	
8350	
8351	
8352	
8353	
8354	
8355	
8356	
8357	
8358	
8359	
8360	
8361	
8362	
8363	
8364	
8365	195	
8366	195	
8367	
8368	195	
8369	
8370	195	
8371	195	
8372	195	649	
8373	195	
8374	195	
8375	
8376	
8377	
8378	
8379	
8380	
8381	
8382	
8383	
8384	
8385	
8386	
8387	
8388	
8389	
8390	
8391	
8392	
8393	
8394	
8395	
8396	
8397	
8398	
8399	
8400	
8401	
8402	
8403	649	664	
8404	
8405	
8406	
8407	
8408	
8409	
8410	
8411	
8412	
8413	
8414	
8415	
8416	
8417	
8418	
8419	
8420	
8421	
8422	189	
8423	189	
8424	189	
8425	189	
8426	189	
8427	189	
8428	189	
8429	
8430	189	
8431	189	
8432	
8433	189	
8434	189	
8435	189	
8436	189	
8437	189	
8438	189	
8439	189	
8440	189	
8441	390	
8442	390	
8443	390	
8444	390	
8445	390	
8446	390	
8447	390	
8448	
8449	390	
8450	390	
8451	
8452	390	
8453	
8454	390	
8455	390	
8456	
8457	390	
8458	
8459	
8460	390	
8461	390	
8462	
8463	390	
8464	390	
8465	
8466	390	
8467	390	
8468	
8469	390	
8470	390	
8471	390	
8472	390	
8473	390	
8474	
8475	390	
8476	
8477	390	
8478	390	
8479	390	
8480	390	
8481	390	
8482	390	
8483	390	
8484	390	
8485	390	
8486	390	
8487	390	
8488	390	
8489	390	
8490	390	
8491	390	
8492	
8493	390	
8494	
8495	
8496	
8497	
8498	
8499	
8500	505	
8501	
8502	
8503	
8504	
8505	
8506	
8507	
8508	
8509	
8510	251	
8511	251	
8512	251	
8513	
8514	
8515	
8516	251	
8517	251	
8518	251	
8519	251	
8520	251	
8521	
8522	251	
8523	
8524	251	
8525	251	
8526	251	
8527	
8528	
8529	
8530	
8531	251	
8532	251	
8533	251	
8534	251	
8535	251	
8536	251	
8537	
8538	
8539	
8540	
8541	
8542	
8543	
8544	
8545	
8546	
8547	
8548	
8549	660	
8550	660	
8551	660	
8552	660	
8553	660	
8554	660	
8555	660	
8556	660	
8557	
8558	660	
8559	660	
8560	660	
8561	
8562	
8563	660	
8564	660	
8565	423	
8566	
8567	
8568	
8569	
8570	
8571	
8572	
8573	
8574	
8575	
8576	13	240	330	
8577	13	116	240	380	
8578	
8579	
8580	316	
8581	
8582	84	
8583	84	
8584	510	651	
8585	510	
8586	510	651	
8587	510	651	
8588	
8589	
8590	
8591	
8592	
8593	
8594	
8595	
8596	
8597	
8598	
8599	389	
8600	
8601	
8602	
8603	
8604	
8605	
8606	
8607	
8608	
8609	48	
8610	48	
8611	48	
8612	48	
8613	48	
8614	48	
8615	48	
8616	
8617	48	
8618	48	
8619	48	
8620	48	
8621	48	
8622	48	100	
8623	48	
8624	
8625	
8626	
8627	
8628	
8629	
8630	
8631	
8632	
8633	
8634	
8635	
8636	
8637	
8638	
8639	
8640	
8641	
8642	
8643	
8644	
8645	
8646	
8647	
8648	
8649	
8650	
8651	
8652	
8653	
8654	
8655	
8656	
8657	
8658	
8659	
8660	
8661	
8662	
8663	
8664	
8665	
8666	
8667	
8668	
8669	
8670	
8671	
8672	
8673	
8674	
8675	
8676	628	664	
8677	150	
8678	
8679	150	
8680	351	
8681	
8682	150	
8683	150	
8684	150	
8685	150	
8686	
8687	150	
8688	
8689	150	
8690	
8691	150	190	432	
8692	150	
8693	150	
8694	
8695	
8696	
8697	
8698	
8699	357	
8700	
8701	
8702	
8703	
8704	
8705	
8706	
8707	
8708	
8709	
8710	565	
8711	565	
8712	
8713	565	
8714	565	648	
8715	
8716	
8717	
8718	
8719	
8720	
8721	
8722	
8723	
8724	
8725	
8726	
8727	
8728	
8729	
8730	
8731	
8732	
8733	
8734	
8735	
8736	
8737	
8738	
8739	
8740	
8741	
8742	
8743	
8744	
8745	
8746	316	
8747	
8748	
8749	664	
8750	
8751	649	664	
8752	649	664	
8753	649	
8754	664	
8755	664	
8756	664	
8757	664	
8758	
8759	
8760	
8761	
8762	
8763	
8764	
8765	
8766	
8767	
8768	
8769	
8770	
8771	
8772	
8773	
8774	
8775	
8776	
8777	
8778	
8779	
8780	
8781	
8782	
8783	
8784	
8785	
8786	
8787	
8788	
8789	
8790	
8791	
8792	
8793	
8794	
8795	
8796	
8797	13	214	240	
8798	13	240	
8799	240	
8800	13	240	
8801	13	240	
8802	13	240	
8803	13	240	
8804	13	240	
8805	240	
8806	240	
8807	240	
8808	13	240	
8809	240	
8810	13	240	
8811	240	
8812	13	240	
8813	
8814	
8815	
8816	
8817	
8818	648	
8819	
8820	
8821	
8822	
8823	
8824	
8825	
8826	
8827	
8828	648	
8829	71	178	491	
8830	71	178	491	
8831	71	491	
8832	71	178	215	468	491	
8833	71	178	491	
8834	71	178	491	
8835	71	178	491	
8836	71	178	491	
8837	
8838	
8839	
8840	
8841	
8842	220	
8843	357	628	
8844	
8845	
8846	
8847	
8848	
8849	
8850	
8851	
8852	
8853	
8854	
8855	
8856	
8857	
8858	
8859	
8860	
8861	
8862	
8863	
8864	
8865	
8866	
8867	239	
8868	
8869	611	
8870	611	
8871	611	
8872	611	
8873	611	
8874	
8875	611	
8876	611	
8877	611	
8878	611	
8879	611	
8880	611	
8881	611	
8882	79	
8883	611	
8884	611	
8885	611	
8886	611	
8887	611	
8888	611	
8889	611	
8890	611	
8891	87	
8892	87	
8893	87	
8894	87	
8895	87	
8896	
8897	
8898	505	
8899	
8900	
8901	648	
8902	
8903	357	
8904	
8905	
8906	
8907	
8908	
8909	
8910	
8911	
8912	
8913	
8914	
8915	
8916	
8917	
8918	
8919	
8920	
8921	
8922	
8923	
8924	
8925	
8926	
8927	
8928	
8929	
8930	
8931	
8932	
8933	
8934	
8935	
8936	
8937	
8938	
8939	629	
8940	
8941	
8942	
8943	
8944	
8945	
8946	676	
8947	
8948	
8949	676	
8950	471	
8951	
8952	
8953	
8954	
8955	391	
8956	
8957	239	
8958	
8959	
8960	239	
8961	239	
8962	239	
8963	239	
8964	239	
8965	239	
8966	239	505	
8967	
8968	239	
8969	239	
8970	
8971	239	
8972	239	
8973	
8974	
8975	239	
8976	239	
8977	239	507	
8978	10	505	
8979	239	
8980	79	239	
8981	
8982	220	
8983	220	
8984	
8985	220	
8986	220	
8987	220	
8988	220	
8989	220	330	
8990	
8991	
8992	82	
8993	82	
8994	82	
8995	
8996	
8997	
8998	
8999	
9000	432	
9001	432	
9002	432	
9003	
9004	432	
9005	
9006	
9007	
9008	
9009	432	
9010	432	
9011	
9012	
9013	432	
9014	432	
9015	
9016	
9017	432	
9018	351	432	
9019	432	
9020	
9021	432	
9022	432	
9023	432	
9024	351	432	
9025	44	432	
9026	
9027	440	
9028	
9029	
9030	
9031	
9032	
9033	
9034	
9035	
9036	
9037	
9038	
9039	
9040	
9041	
9042	
9043	
9044	
9045	
9046	
9047	182	191	
9048	182	
9049	182	191	
9050	182	191	
9051	191	
9052	191	
9053	
9054	
9055	
9056	
9057	
9058	
9059	
9060	
9061	391	
9062	391	
9063	391	
9064	391	
9065	391	
9066	391	
9067	391	
9068	391	
9069	391	
9070	391	
9071	79	158	
9072	79	
9073	79	158	
9074	79	158	
9075	79	158	
9076	79	
9077	10	79	
9078	79	158	
9079	79	158	
9080	79	158	
9081	79	
9082	79	158	
9083	79	
9084	79	
9085	79	158	
9086	79	158	
9087	79	158	
9088	79	158	
9089	79	158	
9090	79	
9091	79	158	
9092	79	158	
9093	79	158	
9094	79	
9095	79	
9096	79	
9097	79	
9098	79	158	
9099	79	158	
9100	79	
9101	79	
9102	79	
9103	79	158	
9104	79	
9105	79	158	
9106	79	158	
9107	79	
9108	79	158	183	501	
9109	79	
9110	79	
9111	79	158	
9112	
9113	
9114	
9115	
9116	
9117	
9118	
9119	
9120	
9121	
9122	
9123	
9124	
9125	
9126	
9127	
9128	
9129	
9130	
9131	
9132	
9133	
9134	
9135	
9136	
9137	
9138	
9139	
9140	
9141	
9142	
9143	
9144	
9145	
9146	
9147	
9148	
9149	5	
9150	
9151	
9152	
9153	
9154	
9155	
9156	
9157	
9158	
9159	
9160	
9161	
9162	
9163	
9164	
9165	
9166	
9167	
9168	
9169	
9170	
9171	
9172	
9173	
9174	
9175	
9176	
9177	
9178	
9179	
9180	
9181	
9182	
9183	
9184	100	
9185	508	
9186	
9187	508	
9188	508	
9189	508	
9190	508	
9191	508	
9192	508	
9193	508	
9194	508	
9195	508	
9196	508	
9197	508	
9198	508	
9199	
9200	
9201	
9202	
9203	
9204	
9205	
9206	
9207	
9208	333	
9209	333	
9210	333	
9211	
9212	333	
9213	333	
9214	333	
9215	333	
9216	333	
9217	
9218	
9219	333	
9220	
9221	333	
9222	
9223	333	
9224	
9225	
9226	
9227	
9228	
9229	
9230	
9231	
9232	
9233	
9234	
9235	
9236	
9237	
9238	
9239	
9240	
9241	
9242	
9243	
9244	
9245	
9246	
9247	
9248	
9249	
9250	
9251	
9252	
9253	
9254	
9255	
9256	
9257	
9258	
9259	
9260	
9261	
9262	
9263	
9264	
9265	
9266	
9267	
9268	
9269	
9270	
9271	
9272	
9273	
9274	109	
9275	
9276	109	
9277	109	
9278	
9279	109	
9280	
9281	109	
9282	
9283	109	
9284	
9285	109	
9286	109	
9287	
9288	
9289	109	
9290	
9291	
9292	
9293	
9294	
9295	
9296	
9297	
9298	284	
9299	
9300	
9301	
9302	
9303	
9304	
9305	
9306	
9307	
9308	
9309	
9310	
9311	
9312	
9313	
9314	
9315	
9316	
9317	
9318	
9319	
9320	
9321	
9322	
9323	
9324	
9325	
9326	
9327	
9328	
9329	
9330	
9331	
9332	
9333	
9334	
9335	
9336	
9337	
9338	682	
9339	
9340	
9341	
9342	
9343	
9344	
9345	
9346	
9347	
9348	
9349	
9350	
9351	357	
9352	316	
9353	
9354	
9355	
9356	
9357	
9358	
9359	
9360	
9361	
9362	
9363	
9364	
9365	
9366	
9367	
9368	
9369	
9370	
9371	
9372	
9373	
9374	
9375	
9376	
9377	
9378	322	
9379	322	
9380	322	
9381	322	
9382	322	
9383	322	
9384	322	
9385	322	
9386	
9387	
9388	
9389	
9390	
9391	
9392	
9393	
9394	632	
9395	
9396	
9397	632	
9398	
9399	632	
9400	
9401	632	
9402	
9403	632	
9404	632	
9405	632	
9406	632	
9407	632	
9408	632	
9409	632	
9410	
9411	632	
9412	
9413	632	
9414	105	673	
9415	
9416	
9417	294	
9418	301	
9419	301	
9420	301	
9421	301	
9422	44	
9423	44	
9424	44	
9425	44	
9426	44	
9427	44	
9428	44	
9429	44	
9430	44	
9431	
9432	
9433	
9434	293	
9435	
9436	
9437	49	
9438	380	
9439	49	
9440	
9441	
9442	
9443	
9444	
9445	
9446	
9447	
9448	
9449	
9450	
9451	
9452	
9453	298	505	
9454	
9455	
9456	
9457	
9458	
9459	
9460	
9461	
9462	
9463	
9464	
9465	
9466	
9467	
9468	
9469	
9470	
9471	
9472	
9473	
9474	
9475	
9476	
9477	
9478	
9479	190	
9480	
9481	
9482	
9483	
9484	
9485	
9486	
9487	
9488	
9489	
9490	
9491	
9492	
9493	
9494	
9495	
9496	
9497	
9498	
9499	
9500	330	
9501	330	
9502	330	
9503	330	
9504	330	
9505	330	
9506	330	
9507	330	
9508	330	
9509	330	
9510	
9511	
9512	
9513	
9514	
9515	
9516	
9517	
9518	
9519	
9520	
9521	
9522	
9523	
9524	
9525	
9526	
9527	
9528	
9529	
9530	
9531	
9532	
9533	
9534	
9535	
9536	
9537	
9538	
9539	
9540	
9541	
9542	
9543	
9544	
9545	
9546	
9547	
9548	
9549	
9550	
9551	
9552	
9553	
9554	457	
9555	457	
9556	457	
9557	457	
9558	
9559	457	
9560	457	
9561	457	
9562	
9563	457	
9564	457	
9565	457	648	
9566	457	
9567	
9568	
9569	457	
9570	214	
9571	
9572	
9573	
9574	
9575	
9576	
9577	
9578	
9579	
9580	
9581	
9582	
9583	
9584	
9585	
9586	
9587	
9588	
9589	
9590	
9591	
9592	
9593	
9594	
9595	
9596	
9597	
9598	
9599	
9600	
9601	
9602	
9603	
9604	
9605	
9606	
9607	
9608	
9609	
9610	
9611	
9612	
9613	
9614	
9615	
9616	
9617	
9618	
9619	
9620	
9621	
9622	
9623	103	
9624	
9625	
9626	
9627	
9628	
9629	
9630	
9631	492	
9632	
9633	
9634	
9635	
9636	
9637	
9638	
9639	
9640	
9641	
9642	
9643	
9644	
9645	
9646	254	
9647	
9648	
9649	
9650	
9651	
9652	
9653	
9654	
9655	
9656	
9657	
9658	
9659	
9660	
9661	
9662	
9663	
9664	
9665	
9666	249	
9667	
9668	
9669	
9670	
9671	
9672	
9673	
9674	
9675	
9676	
9677	
9678	
9679	
9680	
9681	
9682	
9683	
9684	
9685	
9686	
9687	
9688	
9689	
9690	
9691	
9692	
9693	
9694	
9695	
9696	
9697	
9698	
9699	
9700	
9701	
9702	
9703	
9704	
9705	
9706	
9707	
9708	673	
9709	673	
9710	673	
9711	673	
9712	105	673	
9713	
9714	673	
9715	105	
9716	
9717	
9718	
9719	
9720	
9721	
9722	
9723	
9724	
9725	
9726	
9727	
9728	
9729	
9730	215	468	
9731	215	468	
9732	215	
9733	215	468	
9734	215	468	
9735	468	
9736	445	
9737	445	
9738	
9739	445	
9740	
9741	445	
9742	445	
9743	
9744	
9745	
9746	
9747	
9748	
9749	
9750	
9751	
9752	
9753	
9754	
9755	
9756	
9757	
9758	
9759	
9760	
9761	
9762	
9763	
9764	
9765	316	
9766	
9767	
9768	
9769	
9770	
9771	
9772	
9773	
9774	
9775	
9776	
9777	
9778	
9779	
9780	
9781	
9782	
9783	
9784	
9785	
9786	
9787	5	
9788	5	
9789	5	
9790	5	
9791	5	
9792	5	
9793	
9794	
9795	5	
9796	5	
9797	5	
9798	5	
9799	5	
9800	
9801	
9802	
9803	
9804	
9805	
9806	
9807	
9808	
9809	
9810	
9811	
9812	
9813	
9814	
9815	
9816	183	
9817	183	
9818	
9819	183	501	
9820	183	501	
9821	183	501	
9822	
9823	183	501	
9824	
9825	183	501	
9826	35	
9827	35	
9828	35	
9829	35	
9830	35	
9831	35	
9832	35	
9833	35	
9834	35	
9835	35	
9836	35	
9837	
9838	
9839	35	
9840	35	
9841	35	
9842	35	
9843	
9844	
9845	
9846	
9847	
9848	
9849	
9850	
9851	
9852	
9853	
9854	
9855	
9856	
9857	
9858	
9859	
9860	
9861	
9862	
9863	
9864	
9865	
9866	
9867	
9868	
9869	
9870	
9871	
9872	
9873	
9874	
9875	
9876	
9877	
9878	505	
9879	505	
9880	505	
9881	505	
9882	505	
9883	505	
9884	505	
9885	
9886	
9887	505	
9888	505	
9889	
9890	505	
9891	505	
9892	505	
9893	
9894	
9895	505	
9896	505	
9897	505	
9898	
9899	
9900	542	
9901	542	
9902	542	
9903	542	
9904	542	
9905	542	
9906	542	
9907	542	
9908	542	
9909	542	
9910	542	
9911	542	
9912	542	
9913	542	
9914	
9915	
9916	
9917	
9918	
9919	
9920	
9921	
9922	
9923	
9924	
9925	
9926	
9927	
9928	
9929	
9930	
9931	
9932	
9933	
9934	
9935	
9936	
9937	
9938	
9939	
9940	
9941	
9942	
9943	
9944	
9945	
9946	
9947	
9948	
9949	
9950	
9951	
9952	
9953	
9954	
9955	
9956	
9957	
9958	
9959	
9960	
9961	
9962	
9963	
9964	
9965	
9966	
9967	
9968	
9969	
9970	
9971	
9972	
9973	
9974	
9975	
9976	
9977	
9978	
9979	
9980	
9981	
9982	
9983	
9984	
9985	
9986	
9987	
9988	
9989	
9990	
9991	
9992	
9993	
9994	568	
9995	568	
9996	568	
9997	
9998	568	
9999	568	
10000	568	
10001	
10002	
10003	
10004	
10005	
10006	
10007	
10008	
10009	
10010	
10011	
10012	
10013	
10014	
10015	
10016	
10017	
10018	
10019	
10020	
10021	
10022	
10023	
10024	
10025	576	
10026	576	
10027	576	
10028	576	
10029	576	
10030	576	
10031	576	
10032	576	
10033	576	
10034	576	
10035	
10036	
10037	
10038	
10039	
10040	
10041	
10042	
10043	
10044	254	
10045	
10046	
10047	
10048	
10049	
10050	
10051	
10052	
10053	298	
10054	298	
10055	298	
10056	
10057	
10058	
10059	
10060	
10061	
10062	
10063	
10064	
10065	
10066	
10067	
10068	
10069	
10070	
10071	
10072	
10073	
10074	
10075	
10076	
10077	
10078	
10079	
10080	
10081	
10082	
10083	
10084	
10085	
10086	
10087	
10088	
10089	
10090	
10091	
10092	
10093	
10094	
10095	
10096	
10097	
10098	
10099	
10100	
10101	
10102	
10103	
10104	
10105	
10106	
10107	
10108	
10109	
10110	
10111	
10112	
10113	
10114	
10115	
10116	
10117	
10118	
10119	
10120	
10121	
10122	
10123	
10124	
10125	
10126	
10127	
10128	
10129	
10130	
10131	
10132	
10133	
10134	
10135	
10136	
10137	
10138	
10139	
10140	
10141	
10142	
10143	
10144	
10145	
10146	
10147	
10148	
10149	
10150	
10151	
10152	
10153	
10154	
10155	
10156	
10157	
10158	
10159	
10160	
10161	
10162	
10163	
10164	
10165	
10166	
10167	
10168	
10169	
10170	
10171	
10172	
10173	
10174	
10175	
10176	
10177	
10178	
10179	
10180	
10181	
10182	
10183	
10184	
10185	
10186	
10187	
10188	
10189	
10190	
10191	
10192	
10193	
10194	
10195	
10196	
10197	
10198	
10199	
10200	
10201	
10202	
10203	
10204	
10205	
10206	
10207	
10208	
10209	
10210	
10211	
10212	
10213	
10214	
10215	
10216	
10217	
10218	
10219	
10220	
10221	
10222	
10223	
10224	
10225	
10226	
10227	
10228	
10229	
10230	
10231	
10232	
10233	
10234	
10235	
10236	
10237	
10238	
10239	
10240	
10241	
10242	
10243	629	
10244	
10245	
10246	
10247	
10248	
10249	
10250	
10251	
10252	
10253	
10254	
10255	
10256	
10257	
10258	
10259	
10260	
10261	
10262	
10263	
10264	
10265	
10266	
10267	
10268	
10269	
10270	
10271	
10272	
10273	
10274	
10275	
10276	
10277	
10278	
10279	
10280	
10281	
10282	
10283	
10284	
10285	
10286	629	
10287	629	
10288	629	
10289	629	
10290	629	
10291	629	
10292	629	
10293	629	
10294	629	
10295	629	
10296	629	
10297	629	
10298	
10299	
10300	
10301	
10302	
10303	
10304	
10305	
10306	
10307	
10308	
10309	
10310	
10311	
10312	
10313	
10314	
10315	
10316	
10317	
10318	
10319	143	665	
10320	143	665	
10321	665	
10322	665	
10323	
10324	143	665	
10325	143	665	
10326	143	
10327	143	665	
10328	
10329	143	665	
10330	
10331	
10332	
10333	
10334	
10335	
10336	
10337	
10338	
10339	
10340	
10341	
10342	
10343	
10344	
10345	
10346	
10347	
10348	
10349	
10350	
10351	
10352	
10353	
10354	
10355	
10356	
10357	
10358	
10359	316	
10360	316	
10361	316	
10362	316	
10363	316	
10364	316	
10365	316	
10366	316	
10367	316	
10368	316	
10369	316	
10370	316	
10371	316	
10372	316	
10373	316	
10374	316	
10375	316	
10376	316	
10377	316	
10378	316	
10379	316	
10380	316	
10381	316	
10382	316	
10383	316	
10384	316	
10385	316	
10386	316	
10387	316	
10388	316	
10389	316	
10390	316	
10391	316	
10392	316	
10393	316	
10394	316	
10395	316	
10396	316	
10397	316	
10398	316	
10399	316	
10400	316	
10401	316	
10402	316	
10403	316	
10404	
10405	
10406	
10407	
10408	
10409	
10410	
10411	69	
10412	
10413	69	
10414	69	
10415	69	
10416	69	
10417	
10418	
10419	69	
10420	69	
10421	507	
10422	
10423	
10424	
10425	
10426	
10427	299	502	
10428	
10429	15	
10430	15	533	
10431	15	533	
10432	533	
10433	15	533	
10434	237	252	
10435	237	252	
10436	237	
10437	
10438	237	252	
10439	
10440	237	252	
10441	237	252	
10442	237	252	
10443	252	
10444	237	252	
10445	389	504	
10446	237	252	
10447	
10448	
10449	
10450	
10451	
10452	
10453	
10454	
10455	
10456	
10457	
10458	
10459	
10460	
10461	
10462	
10463	
10464	
10465	
10466	
10467	
10468	
10469	
10470	
10471	
10472	
10473	
10474	
10475	
10476	
10477	
10478	
10479	
10480	
10481	
10482	
10483	
10484	
10485	
10486	
10487	
10488	
10489	
10490	
10491	
10492	
10493	
10494	
10495	
10496	
10497	
10498	
10499	
10500	
10501	
10502	
10503	
10504	
10505	
10506	
10507	
10508	
10509	
10510	
10511	
10512	
10513	
10514	
10515	
10516	
10517	
10518	
10519	
10520	
10521	
10522	
10523	
10524	
10525	
10526	494	
10527	
10528	116	293	494	
10529	
10530	116	494	
10531	494	
10532	116	494	
10533	116	494	
10534	116	
10535	116	
10536	116	494	
10537	116	
10538	
10539	
10540	10	
10541	494	
10542	494	
10543	
10544	
10545	
10546	
10547	
10548	
10549	
10550	
10551	
10552	
10553	
10554	
10555	
10556	
10557	
10558	
10559	
10560	
10561	
10562	
10563	
10564	86	
10565	86	
10566	
10567	86	
10568	
10569	86	
10570	86	
10571	
10572	
10573	
10574	86	
10575	
10576	86	
10577	
10578	
10579	
10580	
10581	
10582	
10583	
10584	
10585	
10586	
10587	
10588	
10589	
10590	
10591	
10592	
10593	
10594	
10595	
10596	
10597	
10598	
10599	
10600	
10601	
10602	
10603	
10604	
10605	
10606	
10607	
10608	
10609	
10610	
10611	
10612	
10613	
10614	
10615	
10616	
10617	
10618	
10619	389	
10620	389	
10621	
10622	389	
10623	
10624	389	
10625	389	
10626	389	
10627	389	
10628	389	
10629	
10630	389	
10631	389	
10632	389	
10633	
10634	
10635	
10636	389	
10637	389	
10638	389	
10639	389	
10640	389	
10641	389	
10642	389	
10643	
10644	389	
10645	389	
10646	389	
10647	389	
10648	
10649	389	
10650	389	
10651	
10652	389	
10653	389	
10654	389	
10655	389	
10656	389	
10657	389	
10658	389	
10659	389	
10660	389	
10661	389	
10662	389	
10663	389	
10664	389	
10665	
10666	389	
10667	389	
10668	
10669	
10670	
10671	
10672	
10673	
10674	249	
10675	249	
10676	249	
10677	
10678	
10679	249	
10680	249	
10681	
10682	249	
10683	249	
10684	
10685	
10686	
10687	
10688	
10689	
10690	
10691	
10692	
10693	
10694	
10695	
10696	
10697	
10698	
10699	
10700	
10701	
10702	
10703	
10704	
10705	
10706	
10707	
10708	
10709	
10710	
10711	
10712	
10713	
10714	
10715	
10716	
10717	
10718	
10719	
10720	
10721	
10722	
10723	
10724	
10725	
10726	
10727	
10728	
10729	
10730	
10731	
10732	
10733	
10734	
10735	
10736	
10737	
10738	
10739	
10740	
10741	
10742	
10743	
10744	
10745	
10746	
10747	
10748	
10749	
10750	
10751	
10752	
10753	
10754	
10755	
10756	
10757	
10758	
10759	224	
10760	
10761	
10762	
10763	
10764	
10765	
10766	
10767	
10768	
10769	
10770	
10771	
10772	
10773	
10774	
10775	
10776	
10777	
10778	
10779	
10780	
10781	
10782	
10783	
10784	
10785	
10786	
10787	
10788	
10789	
10790	
10791	
10792	
10793	
10794	
10795	
10796	
10797	
10798	
10799	
10800	
10801	
10802	
10803	
10804	380	
10805	380	
10806	380	
10807	380	
10808	380	
10809	
10810	380	
10811	
10812	380	
10813	380	
10814	
10815	
10816	380	
10817	380	
10818	380	
10819	380	
10820	
10821	380	
10822	245	
10823	
10824	245	
10825	245	
10826	
10827	
10828	
10829	
10830	
10831	
10832	
10833	
10834	
10835	
10836	
10837	
10838	
10839	
10840	
10841	682	
10842	682	
10843	682	
10844	682	
10845	682	
10846	682	
10847	682	
10848	682	
10849	682	
10850	
10851	682	
10852	682	
10853	682	
10854	682	
10855	682	
10856	682	
10857	682	
10858	682	
10859	682	
10860	682	
10861	682	
10862	682	
10863	682	
10864	
10865	682	
10866	
10867	299	502	
10868	299	502	
10869	299	502	
10870	299	502	
10871	299	502	
10872	299	502	
10873	299	502	
10874	299	502	
10875	299	502	
10876	299	502	
10877	299	502	
10878	502	
10879	299	502	
10880	502	
10881	299	502	
10882	299	502	
10883	299	502	
10884	299	502	
10885	299	502	
10886	
10887	
10888	
10889	
10890	
10891	
10892	
10893	
10894	519	
10895	
10896	
10897	
10898	
10899	
10900	
10901	
10902	
10903	
10904	
10905	
10906	
10907	214	
10908	
10909	
10910	
10911	
10912	
10913	
10914	
10915	
10916	
10917	
10918	
10919	
10920	
10921	
10922	
10923	
10924	
10925	
10926	
10927	
10928	
10929	
10930	
10931	
10932	
10933	
10934	
10935	
10936	224	
10937	224	
10938	10	224	
10939	
10940	224	
10941	477	
10942	477	
10943	477	
10944	477	
10945	477	
10946	477	
10947	477	
10948	477	
10949	477	
10950	477	
10951	477	
10952	477	
10953	
10954	477	
10955	477	
10956	477	
10957	477	
10958	477	
10959	477	
10960	
10961	
10962	
10963	
10964	
10965	
10966	
10967	
10968	
10969	
10970	
10971	
10972	
10973	
10974	
10975	
10976	
10977	
10978	
10979	
10980	
10981	
10982	
10983	
10984	
10985	
10986	
10987	
10988	
10989	
10990	
10991	
10992	
10993	
10994	
10995	
10996	
10997	
10998	
10999	
11000	
11001	
11002	
11003	
11004	
11005	
11006	
11007	
11008	
11009	
11010	
11011	
11012	
11013	
11014	
11015	
11016	
11017	
11018	
11019	
11020	
11021	151	379	
11022	151	379	
11023	151	
11024	151	379	
11025	151	
11026	151	379	
11027	151	
11028	
11029	
11030	
11031	
11032	
11033	
11034	
11035	
11036	
11037	
11038	
11039	
11040	
11041	
11042	
11043	10	
11044	
11045	
11046	
11047	
11048	
11049	
11050	
11051	
11052	
11053	
11054	
11055	
11056	
11057	
11058	
11059	
11060	
11061	
11062	
11063	
11064	
11065	
11066	
11067	
11068	
11069	
11070	
11071	
11072	
11073	
11074	
11075	
11076	
11077	
11078	
11079	
11080	
11081	
11082	
11083	
11084	
11085	
11086	
11087	
11088	
11089	
11090	
11091	
11092	
11093	
11094	
11095	
11096	
11097	
11098	
11099	
11100	
11101	
11102	
11103	
11104	
11105	
11106	
11107	
11108	
11109	
11110	293	
11111	293	
11112	293	
11113	
11114	293	
11115	293	
11116	293	
11117	293	
11118	293	
11119	293	
11120	293	
11121	293	
11122	293	
11123	293	
11124	293	
11125	293	
11126	293	
11127	293	
11128	293	
11129	293	
11130	293	
11131	293	
11132	
11133	
11134	
11135	
11136	
11137	
11138	
11139	
11140	
11141	
11142	
11143	
11144	
11145	
11146	
11147	
11148	
11149	
11150	
11151	
11152	
11153	670	
11154	
11155	
11156	670	
11157	
11158	
11159	670	
11160	670	
11161	
11162	670	
11163	670	
11164	
11165	670	
11166	648	670	
11167	670	
11168	
11169	670	
11170	
11171	670	
11172	670	
11173	670	
11174	
11175	
11176	
11177	
11178	
11179	
11180	
11181	
11182	
11183	
11184	
11185	
11186	
11187	
11188	
11189	
11190	
11191	
11192	
11193	
11194	
11195	
11196	
11197	
11198	
11199	
11200	
11201	
11202	
11203	
11204	
11205	
11206	
11207	
11208	
11209	
11210	
11211	
11212	
11213	
11214	
11215	
11216	
11217	
11218	
11219	
11220	
11221	
11222	
11223	
11224	
11225	
11226	
11227	
11228	
11229	10	
11230	
11231	10	
11232	10	
11233	
11234	
11235	10	
11236	
11237	10	
11238	10	
11239	
11240	
11241	10	
11242	
11243	10	
11244	10	
11245	10	
11246	10	
11247	10	
11248	
11249	
11250	10	
11251	10	
11252	10	
11253	
11254	10	
11255	
11256	10	
11257	
11258	
11259	10	
11260	
11261	10	
11262	10	
11263	10	
11264	
11265	
11266	10	
11267	10	
11268	
11269	
11270	
11271	
11272	
11273	
11274	
11275	
11276	
11277	
11278	
11279	
11280	
11281	
11282	
11283	
11284	
11285	
11286	
11287	
11288	
11289	
11290	
11291	
11292	
11293	498	527	
11294	498	
11295	498	527	
11296	498	527	
11297	527	
11298	527	
11299	498	527	
11300	498	527	
11301	498	527	
11302	527	
11303	527	
11304	
11305	527	
11306	527	
11307	498	527	
11308	
11309	628	
11310	628	
11311	628	
11312	628	
11313	628	
11314	628	
11315	214	
11316	214	
11317	214	
11318	214	
11319	214	
11320	214	
11321	
11322	214	
11323	214	
11324	214	
11325	214	
11326	214	
11327	214	
11328	214	
11329	214	
11330	214	
11331	214	
11332	254	
11333	254	
11334	254	
11335	254	
11336	
11337	254	
11338	
11339	254	
11340	254	
11341	
11342	254	
11343	
11344	254	
11345	254	
11346	
11347	254	
11348	254	
11349	254	
11350	254	
11351	
11352	254	
11353	254	
11354	
11355	254	
11356	254	
11357	254	
11358	
11359	
11360	
11361	
11362	
11363	
11364	
11365	
11366	
11367	
11368	
11369	
11370	
11371	
11372	
11373	
11374	
11375	
11376	
11377	
11378	
11379	
11380	
11381	
11382	
11383	
11384	
11385	
11386	
11387	
11388	
11389	
11390	
11391	
11392	
11393	
11394	
11395	
11396	
11397	
11398	
11399	
11400	504	
11401	504	
11402	495	
11403	495	
11404	
11405	495	
11406	495	
11407	495	
11408	495	
11409	495	
11410	495	
11411	185	
11412	185	492	
11413	492	607	
11414	
11415	185	492	
11416	185	607	
11417	185	607	
11418	607	
11419	492	607	
11420	185	492	607	
11421	185	492	
11422	607	
11423	519	
11424	519	
11425	519	
11426	519	
11427	
11428	519	
11429	519	
11430	519	
11431	519	
11432	
11433	519	
11434	519	
11435	519	
11436	
11437	519	
11438	519	
11439	519	
11440	519	
11441	519	
11442	519	
11443	519	
11444	519	
11445	519	
11446	519	
11447	519	
11448	519	
11449	519	
11450	519	
11451	519	
11452	
11453	519	
11454	
11455	
11456	
11457	
11458	
11459	
11460	
11461	
11462	
11463	
11464	
11465	
11466	
11467	
11468	
11469	
11470	
11471	
11472	
11473	
11474	
11475	
11476	
11477	
11478	
11479	
11480	
11481	
11482	
11483	
11484	
11485	
11486	
11487	
11488	
11489	
11490	
11491	
11492	
11493	
11494	
11495	
11496	
11497	
11498	
11499	
11500	
11501	
11502	
11503	
11504	
11505	
11506	
11507	
11508	
11509	
11510	
11511	
11512	
11513	
11514	
11515	
11516	
11517	
11518	
11519	
11520	
11521	
11522	
11523	
11524	
11525	
11526	
11527	
11528	
11529	
11530	
11531	
11532	
11533	
11534	
11535	
11536	
11537	
11538	
11539	
11540	154	
11541	154	
11542	154	
11543	154	
11544	
11545	
11546	
11547	
11548	
11549	
11550	
11551	
11552	
11553	
11554	
11555	
11556	
11557	
11558	
11559	
11560	
11561	
11562	
11563	
11564	
11565	
11566	
11567	
11568	
11569	
11570	
11571	
11572	
11573	
11574	
11575	
11576	
11577	
11578	
11579	
11580	
11581	
11582	
11583	
11584	
11585	
11586	
11587	
11588	
11589	
11590	
11591	
11592	
11593	
11594	
11595	
11596	
11597	
11598	
11599	
11600	
11601	
11602	
11603	
11604	
11605	
11606	
11607	
11608	
11609	
11610	
11611	
11612	
11613	
11614	
11615	
11616	
11617	
11618	
11619	
11620	
11621	
11622	
11623	
11624	
11625	
11626	
11627	
11628	
11629	
11630	
11631	
11632	
11633	
11634	
11635	
11636	
11637	
11638	
11639	
11640	
11641	
11642	
11643	
11644	
11645	
11646	
11647	
11648	
11649	
11650	
11651	
11652	
11653	
11654	
11655	
11656	
11657	
11658	
11659	
11660	
11661	
11662	
11663	
11664	
11665	
11666	
11667	
11668	
11669	
11670	
11671	
11672	
11673	
11674	
11675	
11676	
11677	
11678	
11679	
11680	
11681	
11682	
11683	
11684	
11685	
11686	
11687	
11688	
11689	
11690	
11691	
11692	
11693	
11694	
11695	462	
11696	
11697	462	
11698	462	
11699	
11700	
11701	462	
11702	648	
11703	648	
11704	
11705	648	
11706	
11707	648	
11708	648	
11709	648	
11710	648	
11711	648	
11712	648	
11713	648	
11714	648	
11715	648	
11716	648	
11717	648	
11718	648	
11719	648	
11720	648	
11721	648	
11722	648	
11723	648	
11724	648	
11725	648	
11726	648	
11727	648	
11728	648	
11729	648	
11730	648	
11731	648	
11732	648	
11733	648	
11734	648	
11735	648	
11736	648	
11737	648	
11738	648	
11739	648	
11740	648	
11741	648	
11742	648	
11743	648	
11744	648	
11745	648	
11746	648	
11747	
11748	648	
11749	
11750	648	
11751	648	
11752	648	
11753	648	
11754	648	
11755	
11756	351	
11757	351	
11758	351	
11759	351	
11760	
11761	
11762	
11763	
11764	
11765	
11766	
11767	
11768	
11769	
11770	
11771	
11772	
11773	
11774	
11775	
11776	
11777	
11778	
11779	
11780	
11781	
11782	
11783	
11784	
11785	
11786	
11787	
11788	
11789	
11790	
11791	
11792	
11793	
11794	
11795	
11796	
11797	
