1327.0 175.0 4 492.0 1062.0 0 4 3192 3166 -78 -47 5000.0 1.0 7
616.0 622.0 2 1266.0 1.0 3 4 -597 -101 restaurant shoes 5000.0 1.0 7
1259.0 1258.0 3 611.0 862.0 3 4 7560 5587 7161 8861 5000.0 1.0 7
1065.0 580.0 2 1049.0 560.0 4 4 shoes -1083 6447 9487 5000.0 1.0 7
704.0 533.0 2 58.0 1186.0 1 4 7555 5172 -1220 others 5000.0 1.0 7
417.0 789.0 1 838.0 689.0 3 4 cosmetics 11521 bags -270 5000.0 1.0 7
170.0 36.0 0 677.0 1058.0 3 4 clothing travel 3015 4911 5000.0 1.0 7
1173.0 1188.0 4 430.0 417.0 1 4 food electronics 3823 -250 5000.0 1.0 7
170.0 631.0 3 1074.0 889.0 4 4 -1053 -131 -574 -811 5000.0 1.0 7
314.0 672.0 2 1180.0 1141.0 2 4 83 -122 -719 restaurant 5000.0 1.0 7
