0	1323.49	807.5	0	29	100	
1	452.98	2400.54	0	32	
2	1410.1	623.78	0	103	114	
3	1685.35	623.78	0	75	114	
4	1381.26	949.69	0	72	100	
5	1989.44	825.31	0	73	
6	1128.19	2406.65	0	7	118	
7	1866.92	1076.41	0	9	111	
8	1940.98	1892.62	0	79	99	
9	2006.19	1135.13	0	78	
10	2006.19	1226.56	0	115	
11	1989.75	1254.29	0	91	115	
12	1950.81	1397.69	0	94	98	
13	1989.75	1479.75	0	88	91	
14	1721.77	1501.71	0	85	88	
15	1929.84	2177.35	0	12	86	
16	1998.43	2152.15	0	1	12	
17	1628.54	2641.05	0	39	43	
18	1424.99	854.15	0	100	61	
19	1424.99	917.07	0	65	100	
20	876.92	2671.78	0	26	36	
21	1068.96	1807.59	0	21	95	
22	1064.27	1978.1	0	4	95	
23	1424.99	768.42	0	100	57
24	989.73	623.78	0	114	119	
25	1339.63	651.53	0	103	105	
26	1508.49	1635.71	0	2	28	
27	1508.49	1653.51	0	2	208
28	1186.75	2671.78	0	31	30	
29	939.31	1041.0149999999999	0	0	69	
30	903.825	1086.48	0	0	122	
31	939.31	977.095	0	0	119	
32	811.79	1086.48	0	0	34	
33	847.275	958.64	0	0	13	
34	755.24	1022.56	0	0	19	
35	2014.9699999999998	2094.93	0	1	45	
36	1331.99	1644.2849999999999	0	2	67	
37	1127.95	1483.6750000000002	0	3	8	
38	1127.95	1549.525	0	3	14	
39	1127.95	1571.6	0	3	20	
40	998.145	1426.22	0	3	122	
41	1069.165	1585.28	0	3	21	
42	939.36	1585.28	0	3	15	
43	868.34	1505.75	0	3	38	
44	1680.4456280978206	2309.1257317390664	0	5	46	
45	1628.6228140489102	2287.15	0	5	49	
46	1534.7081280978205	2331.1014634781327	0	5	10	
47	1462.125	2287.16	0	5	59	
48	1348.2798077853206	2331.1014634781327	0	5	124	
49	1327.0507437364104	2287.16	0	5	55	
50	1306.6514874728207	2309.1257317390664	0	5	118	
51	1901.0	2321.885	0	6	92	
52	1901.0	2252.415	0	6	89	
53	2030.76	2283.5150000000003	0	6	18	
54	1980.3	2203.27	0	6	12	
55	1176.15	1541.13	0	8	14	
56	1163.99	1426.22	0	8	122	
57	1680.8	2362.6639634781327	0	10	46	
58	1534.7081280978205	2393.238963478133	0	10	16	
59	1389.9081280978205	2362.6639634781327	0	10	124	
60	968.47	2337.6400000000003	0	11	22	
61	968.47	2434.105	0	11	17	
62	918.235	2287.15	0	11	48	
63	868.0	2363.48	0	11	44	
64	918.235	2439.81	0	11	36	
65	939.31	793.5500000000001	0	13	119	
66	755.24	793.5500000000001	0	13	19	
67	1334.98	1549.525	0	14	41	
68	1278.17	1541.13	0	14	37	
69	1148.77	1557.92	0	14	20	
70	1010.38	1696.435	0	15	21	
71	939.19	1828.54	0	15	25	
72	868.34	1653.76	0	15	38	
73	868.0	1775.3899999999999	0	15	42	
74	1680.8	2416.0764634781326	0	16	46	
75	1437.3657437364104	2438.9139634781327	0	16	40	
76	1624.44	2438.9139634781327	0	16	43	
77	1348.2798077853206	2393.238963478133	0	16	124	
78	1306.6514874728207	2416.0764634781326	0	16	118	
79	1128.19	2434.105	0	17	118	
80	1048.21	2439.81	0	17	36	
81	755.24	1173.105	0	19	34	
82	1148.77	1734.54	0	20	63	
83	1169.5900000000001	1700.925	0	20	24	
84	1169.5900000000001	1633.755	0	67	20	
85	1127.95	1659.9099999999999	0	20	21	
86	1127.95	1771.065	0	21	63	
87	1128.19	2337.6400000000003	0	22	118	
88	1092.1750000000002	2287.15	0	22	51	
89	1012.315	2287.15	0	22	48	
90	755.24	1490.9850000000001	0	23	38	
91	1339.045	1734.54	0	24	63	
92	1508.5	1700.925	0	24	28	
93	1250.79	1667.31	0	67	24	
94	939.19	2025.75	0	25	48	
95	868.0	1927.145	0	25	42	
96	755.24	1930.12	0	27	42	
97	1576.8	1677.9	0	28	56	
98	1542.65	1734.54	0	28	63	
99	1542.65	1621.2600000000002	0	28	41	
100	1254.16	2555.795	0	30	40	
101	1191.1750000000002	2441.0829087906327	0	30	118	
102	1127.95	2555.795	0	30	36	
103	755.24	2288.9049999999997	0	32	44	
104	755.24	2555.795	0	32	36	
105	1576.8	1256.35	0	64	33	
106	1500.895	1086.48	0	77	33	
107	1379.9850000000001	1086.48	0	72	33	
108	1267.505	1086.48	0	69	33	
109	868.34	1173.105	0	34	122	
110	811.79	1259.73	0	34	38	
111	1628.375	2671.78	0	35	39	
112	811.62	2439.81	0	36	44	
113	1577.34	1483.6750000000002	0	37	60	
114	1455.8899999999999	1541.13	0	37	41	
115	868.34	1342.975	0	38	122	
116	811.62	1722.24	0	38	42	
117	1568.0800000000002	2540.4300000000003	0	40	43	
118	1280.4057437364104	2439.81	0	40	118	
119	1576.8	1581.1950000000002	0	41	60	
120	1331.99	1610.73	0	67	41	
121	1334.98	1579.06	0	41	121	
122	868.0	2081.875	0	42	48	
123	811.62	2138.0	0	42	44	
124	1680.8	2540.425	0	43	46	
125	868.0	2212.575	0	44	48	
126	1827.6	2561.165	0	46	50	
127	1827.6	2422.535	0	46	54	
128	1758.13	2641.04	0	46	47	
129	1875.005	2641.05	0	47	50	
130	1680.8	2143.6400000000003	0	66	49	
131	1628.8	2000.1299999999999	0	49	52	
132	1576.8	2143.6400000000003	0	49	59	
133	1922.42	2571.76	0	50	62	
134	1875.0099999999998	2481.29	0	50	54	
135	1128.19	2156.45	0	51	55	
136	1680.8	1792.9659186374993	0	108	52	
137	1680.8	1926.06	0	66	52	
138	1629.07	1734.54	0	52	56	
139	1577.34	1867.335	0	52	63	
140	1459.395	765.87	0	53	57	
141	1922.4199999999998	2463.175	0	54	58	
142	1217.4207437364103	2287.16	0	55	118	
143	1680.8	1677.9	0	108	56	
144	1629.07	1621.26	0	56	60	
145	1976.595	2481.29	0	58	62	
146	1680.8	1572.13	0	108	60	
147	1680.8	1452.98	0	106	60	
148	1680.8	1501.375	0	85	60	
149	1629.07	1426.22	0	64	60	
150	1680.8	1311.4250000000002	0	64	106	
151	1680.8	1153.5700000000002	0	64	101	
152	1680.8	1098.495	0	64	111	
153	1629.07	1086.48	0	64	77	
154	1827.6	1965.1699999999998	0	66	70	
155	1827.6	1872.305	0	66	74	
156	1487.525	995.55	0	68	77	
157	1424.99	972.62	0	68	72	
158	1527.665	972.62	0	68	71	
159	1334.98	1041.0149999999999	0	69	72	
160	1189.155	995.55	0	69	123	
161	1069.67	1086.48	0	69	122	
162	991.3199999999999	995.55	0	69	119	
163	1847.2599999999998	1892.62	0	70	74	
164	1886.28	1943.255	0	70	79	
165	1550.06	943.25	0	71	82	
166	1424.99	1041.0149999999999	0	72	77	
167	1334.98	972.6200000000001	0	72	123	
168	1989.8049999999998	710.85	0	73	93	
169	1638.58	678.4	0	75	80	
170	1938.485	779.3050000000001	0	76	81	
171	1680.8	1041.0149999999999	0	77	111	
172	1615.4299999999998	995.55	0	77	82	
173	1994.9850000000001	1196.63	0	78	115	
174	1783.36	809.02	0	80	84	
175	1783.36	779.3050000000001	0	80	81	
176	1783.36	738.36	0	80	96	
177	1644.315	825.3	0	80	87	
178	1783.36	694.625	0	80	93	
179	1680.8	944.835	0	82	111	
180	1615.4299999999998	890.9499999999999	0	82	87	
181	1913.42	1308.0400000000002	0	83	110	
182	1850.855	825.3	0	84	87	
183	1875.9499999999998	2063.075	0	86	120	
184	1966.02	825.3	0	87	90	
185	1958.62	738.36	0	90	96	
186	1966.02	710.85	0	90	93	
187	1973.42	1437.15	0	91	97	
188	1973.42	1363.09	0	91	94	
189	1870.9899999999998	710.85	0	93	96	
190	1424.99	692.0699999999999	0	100	102	
191	1382.31	678.4	0	100	103	
192	1765.9850000000001	1196.63	0	101	106	
193	1459.395	678.4	0	102	103	
194	452.98	606.585	0	104	109	
195	1087.545	834.31	0	107	117	
196	1131.76	735.29	0	107	112	
197	1043.33	729.045	0	107	119	
198	1887.6632294124981	1730.55	0	108	113	
199	834.73	606.5799999999999	0	109	114	
200	1969.16	1225.46	0	110	115	
201	1866.92	973.875	0	111	116	
202	1183.4099999999999	949.69	0	117	123	
203	1043.33	892.0	0	117	119	
204	1306.6514874728207	2362.388963478133	0	118	124	
205	1043.33	972.62	0	119	123	
206	944.97	1937.93	1	194	178	
207	961.6	2173.14	1	202	175	
208	1840.85	2539.07	1	143	145	
209	917.71	848.06	1	210	213	
210	1840.85	2578.98	1	145	147	
211	1091.03	2183.36	1	186	175	
212	1882.48	1448.94	1	207	214	
213	1865.75	2562.38	1	145	148	
214	1332.92	1065.93	1	223	177	
215	1881.47	1655.24	1	197	218	
216	1332.92	1117.94	1	220	173	
217	1615.06	1671.87	1	188	193	
218	665.4	2586.14	1	132	170	
219	1142.62	1119.88	1	192	220	
220	1842.31	2484.26	1	143	162	
221	1089.95	1741.67	1	208	215	
222	1837.43	2183.47	1	133	151	
223	1089.95	1789.48	1	208	354
224	1891.14	2417.03	1	148	159	
225	1423.09	1736.63	1	354	208
226	1821.99	2048.98	1	133	138	
227	1069.58	1905.84	1	186	215	
228	1423.09	1786.97	1	204	208	
229	1813.85	2801.26	1	230	232	
230	1300.23	1147.94	1	212	220	
231	1831.94	1572.53	1	198	214	
232	1049.33	2529.42	1	170	169	
233	1139.43	2841.5	1	169	
234	1815.1	2308.8	1	159	167	
235	1769.08	1382.98	1	207	156	
236	1782.6	2393.06	1	184	155	
237	1787.1	1302.46	1	131	156	
238	1782.6	2453.66	1	189	155	
239	1184.25	1090.81	1	152	220	
240	1261.04	969.86	1	225	229	
241	992.31	1970.51	1	194	163	
242	1880.09	2627.15	1	127	147	
243	961.03	1888.72	1	194	140	
244	1715.8400000000001	2097.4300000000003	1	125	129	
245	1526.43	2154.775	1	125	126	
246	1526.4299999999998	2063.1949999999997	1	125	231	
247	1526.43	2332.2250000000004	1	126	228	
248	1526.43	2216.33	1	126	136	
249	1503.5249999999999	2426.32	1	126	130	
250	1481.85	2115.0099999999998	1	126	231	
251	1458.9499999999998	2426.32	1	126	172	
252	1437.27	2308.665	1	126	165	
253	1526.43	2732.04	1	128	230	
254	1503.5249999999999	2622.57	1	128	130	
255	1353.36	2622.57	1	128	176	
256	1226.09	2732.04	1	128	169	
257	1751.7	2116.23	1	129	133	
258	1526.4299999999998	2580.8199999999997	1	130	230	
259	1526.4299999999998	2482.7	1	130	228	
260	1480.62	2591.865	1	130	176	
261	1480.62	2518.66	1	130	221	
262	1480.62	2451.25	1	130	172	
263	664.95	2367.705	1	132	195	
264	664.95	2737.1400000000003	1	132	134	
265	1879.18	2048.98	1	133	135	
266	1049.34	2737.14	1	134	169	
267	1690.34	2238.13	1	136	139	
268	1631.3200000000002	1448.94	1	137	141	
269	1526.8600000000001	1409.745	1	137	199	
270	1715.84	2511.665	1	139	143	
271	1526.17	1626.43	1	141	204	
272	1526.43	1527.47	1	141	199	
273	1526.17	1799.4650000000001	1	142	204	
274	1526.4299999999998	1958.61	1	142	231	
275	1681.025	1247.53	1	144	149	
276	1609.97	1198.5500000000002	1	144	226	
277	1609.97	1123.895	1	144	224	
278	1627.0149999999999	1090.81	1	144	160	
279	1615.47	1090.81	1	144	157	
280	1813.8500000000001	2559.025	1	145	230	
281	1609.9699999999998	1336.5	1	146	153	
282	1609.9699999999998	1274.995	1	146	149	
283	1526.86	1305.32	1	199	146	
284	1568.415	1240.11	1	146	226	
285	1813.8500000000001	2603.065	1	147	230	
286	1673.0900000000001	1302.46	1	149	153	
287	1413.095	1156.99	1	150	222	
288	1451.65	1156.99	1	150	226	
289	1476.81	1123.895	1	150	224	
290	1180.8486982421664	1255.98	1	209	154	
291	1129.1799999999998	1602.66	1	183	154	
292	1062.4986982421665	1255.98	1	205	154	
293	940.7950000000001	1255.98	1	213	154	
294	897.8950000000001	1602.66	1	180	154	
295	828.01	1255.98	1	154	217	
296	763.72	1429.3200000000002	1	185	154	
297	1815.1	2383.8050000000003	1	155	159	
298	1815.1	2458.375	1	155	162	
299	1798.85	2340.95	1	155	167	
300	1543.3899999999999	1090.81	1	157	224	
301	1620.97	993.5899999999999	1	157	160	
302	1326.3899999999999	1346.8	1	158	161	
303	1426.49	1301.3899999999999	1	199	158	
304	1250.5986982421664	1255.98	1	209	158	
305	1413.095	1255.98	1	158	222	
306	1337.1573964843328	1255.98	1	212	158	
307	1840.425	2432.5	1	159	162	
308	1426.49	1474.73	1	199	161	
309	1326.3899999999999	1602.66	1	183	161	
310	773.5799999999999	1002.52	1	164	168	
311	719.49	1156.99	1	217	164	
312	553.6	1156.99	1	164	174	
313	441.8	1147.9650000000001	1	164	171	
314	1331.6799999999998	2426.32	1	165	172	
315	1173.6	2426.32	1	165	169	
316	1121.11	2308.665	1	165	175	
317	1049.34	2455.55	1	166	169	
318	997.1550000000001	2426.33	1	166	175	
319	854.345	2426.3199999999997	1	179	166	
320	763.72	2455.29	1	195	166	
321	1749.225	2340.95	1	184	167	
322	892.0	1002.52	1	213	168	
323	832.79	1156.99	1	217	168	
324	1226.09	2591.865	1	169	176	
325	1226.09	2518.66	1	221	169	
326	1226.09	2451.25	1	169	172	
327	1085.225	2426.33	1	169	175	
328	441.8	1296.105	1	171	174	
329	1353.36	2476.16	1	221	172	
330	665.4	1206.4850000000001	1	217	174	
331	665.4	1345.6	1	185	174	
332	1353.36	2561.16	1	221	176	
333	929.01	1817.92	1	187	178	
334	913.0500000000001	1951.935	1	182	178	
335	763.72	2338.74	1	179	195	
336	763.72	2168.555	1	179	190	
337	1032.07	1718.25	1	180	215	
338	1032.0700000000002	1653.435	1	180	183	
339	972.56	1732.29	1	180	187	
340	838.385	1732.29	1	180	182	
341	763.72	1667.475	1	180	185	
342	1798.0	1489.3	1	181	211	
343	913.0500000000001	1775.105	1	182	187	
344	763.72	1987.335	1	182	190	
345	763.72	1810.505	1	182	185	
346	1426.48	1653.435	1	183	204	
347	1061.01	1704.21	1	183	215	
348	714.56	1255.98	1	185	217	
349	714.56	1888.72	1	185	190	
350	665.4	1658.73	1	185	216	
351	1121.11	2149.185	1	186	196	
352	1121.11	2010.4249999999997	1	186	191	
353	1032.07	1775.105	1	187	215	
354	1526.17	1671.645	1	188	204	
355	714.56	2251.16	1	190	195	
356	665.4	2069.94	1	190	219	
357	1423.09	2010.4249999999997	1	191	231	
358	1262.19	2115.01	1	191	196	
359	1062.4986982421665	1147.94	1	192	205	
360	989.59	998.0	1	192	213	
361	1752.08	1674.1599999999999	1	193	197	
362	1476.325	1606.0	1	199	204	
363	1426.48	1248.04	1	199	222	
364	1476.6750000000002	1240.1100000000001	1	199	226	
365	1205.226927734333	1170.2484349810288	1	200	209	
366	1274.9073964843328	1159.0942174905144	1	200	212	
367	1135.4073964843328	1159.0942174905144	1	200	205	
368	958.0999999999999	516.76	1	201	206	
369	1849.02	1618.45	1	203	218	
370	1476.325	1905.84	1	204	231	
371	1135.4073964843328	1212.294138106029	1	205	209	
372	989.59	1201.1399206155147	1	205	213	
373	958.0999999999999	762.93	1	206	210	
374	1792.0099999999998	1448.95	1	207	211	
375	1274.9073964843328	1213.294138106029	1	209	212	
376	1399.4073964843328	1206.4850000000001	1	212	222	
377	892.0	1206.48	1	213	217	
378	1881.75	1592.81	1	214	218	
379	1283.795	1090.81	1	220	223	
380	1426.48	1198.5500000000002	1	222	226	
381	1332.92	1017.6199999999999	1	223	227	
382	1296.98	1005.36	1	223	225	
383	1543.3899999999999	1156.99	1	224	226	
384	1332.92	945.885	1	225	227	
385	1595.6350000000002	2539.07	1	228	230	
386	1813.8500000000001	2766.275	1	230	232	
387	1813.8500000000001	2704.3450000000003	1	230	233	
388	1909.57	1779.98	2	286	298	
389	1874.02	2276.94	2	352	368	
390	1956.12	1137.27	2	315	264	
391	1876.58	2832.06	2	324	243	
392	1993.46	2554.42	2	238	335	
393	1858.93	2888.56	2	243	347	
394	1880.85	2109.64	2	266	290	
395	1924.92	2576.51	2	335	349	
396	1026.81	2026.99	2	235	342	
397	1223.4	1117.78	2	299	361	
398	1942.32	1491.46	2	258	269	
399	973.71	1994.03	2	342	311	
400	989.58	1943.98	2	331	342	
401	1173.02	1147.49	2	260	299	
402	1301.1	939.89	2	284	289	
403	1887.64	1615.54	2	263	280	
404	1327.94	1177.08	2	336	299	
405	683.07	2680.32	2	267	357	
406	1074.61	2610.68	2	330	357	
407	1372.35	926.45	2	289	304	
408	1943.01	1701.05	2	269	303	
409	1074.61	2672.12	2	319	357	
410	1053.35	1779.2	2	346	354	
411	1053.35	1828.35	2	354	427
412	1459.43	1775.1	2	427	354
413	1661.0	1721.7	2	358	303	
414	1459.43	1830.4	2	348	354	
415	813.72	539.34	2	301	305	
416	999.45	436.3	2	279	285	
417	1902.87	2560.44	2	349	359	
418	1827.11	1420.73	2	252	364	
419	813.72	761.02	2	281	305	
420	1929.81	1866.16	2	293	300	
421	1828.86	1334.84	2	320	364	
422	760.43	2178.515	2	236	367	
423	760.43	2031.375	2	236	311	
424	722.55	2248.8599999999997	2	236	239	
425	722.545	1954.58	2	236	370	
426	684.67	2202.115	2	236	297	
427	684.67	2054.98	2	236	292	
428	1372.35	1032.075	2	237	294	
429	760.43	2350.75	2	239	367	
430	760.43	2483.455	2	239	338	
431	683.07	2544.185	2	239	267	
432	684.67	2439.09	2	239	302	
433	684.67	2303.67	2	239	297	
434	1613.62	1092.2	2	240	247	
435	1372.35	1086.92	2	241	294	
436	1504.585	1264.19	2	242	333	
437	1445.17	1229.9697669111902	2	242	332	
438	1445.17	1191.1923443930953	2	242	328	
439	1564.0	1225.0500000000002	2	242	247	
440	1503.745	1185.92	2	318	242	
441	1638.81	1310.6100000000001	2	244	257	
442	1651.02	1279.91	2	244	251	
443	1663.24	1310.6100000000001	2	244	249	
444	1022.54	567.095	2	245	274	
445	1060.94	443.39	2	245	279	
446	1041.4450562365246	465.423850586261	2	245	279	
447	1060.94	418.39	2	245	285	
448	1372.35	1146.605	2	246	299	
449	1613.62	1264.18	2	247	251	
450	1663.24	1178.19	2	247	249	
451	1562.32	1139.06	2	318	247	
452	1808.91	1454.075	2	248	252	
453	1663.24	1272.0500000000002	2	249	251	
454	1791.82	1307.375	2	249	259	
455	1791.82	1186.0500000000002	2	249	253	
456	1887.64	1563.555	2	250	263	
457	1855.8	1528.4	2	250	252	
458	1601.405	1279.91	2	251	257	
459	1564.0	1272.0500000000002	2	251	333	
460	1887.63	1456.095	2	252	258	
461	1800.1999999999998	1279.9	2	253	259	
462	1903.6299999999999	1208.585	2	253	264	
463	1022.54	761.405	2	254	274	
464	1724.335	2109.64	2	255	266	
465	1639.76	2088.935	2	255	351	
466	1839.65	2527.14	2	256	359	
467	1638.81	1587.4050000000002	2	257	270	
468	1638.81	1414.37	2	257	276	
469	1601.405	1687.39	2	257	340	
470	1564.0	1579.665	2	329	257	
471	1564.0	1375.92	2	257	333	
472	1097.3	1185.92	2	260	343	
473	1022.54	901.945	2	260	339	
474	1021.57	1060.055	2	260	369	
475	1940.1750000000002	2109.64	2	261	266	
476	1839.65	2464.835	2	262	355	
477	1887.64	1669.205	2	263	275	
478	1909.57	1583.46	2	263	269	
479	945.5274681626091	900.144918942561	2	265	268	
480	945.09	1058.9250000000002	2	265	369	
481	852.76	1183.66	2	265	365	
482	722.545	1183.66	2	265	366	
483	1783.705	2209.8599999999997	2	266	272	
484	1639.76	2159.75	2	266	351	
485	658.385	2713.38	2	267	273	
486	633.7	2637.9700000000003	2	267	307	
487	995.2	901.945	2	339	268	
488	977.375	866.1	2	268	274	
489	970.145	934.19	2	268	369	
490	1715.795	1487.42	2	270	276	
491	1639.77	1694.2150000000001	2	340	270	
492	684.66	1283.505	2	271	366	
493	1639.76	2229.36	2	272	351	
494	1093.925	2713.38	2	323	273	
495	1000.845	2754.1800000000003	2	341	273	
496	742.635	2754.1800000000003	2	337	273	
497	633.7	2728.79	2	337	273	
498	959.55	732.4549999999999	2	274	281	
499	959.55	569.615	2	274	301	
500	991.045	481.08	2	274	279	
501	959.55	838.9499999999999	2	274	291	
502	684.66	1481.8	2	277	366	
503	1265.78	2644.74	2	319	278	
504	1265.78	2512.42	2	334	278	
505	1164.57	2608.08	2	330	278	
506	1164.57	2541.92	2	327	278	
507	960.03	458.69	2	279	296	
508	921.645	811.8	2	281	291	
509	848.73	811.8	2	281	287	
510	684.66	1673.8600000000001	2	282	370	
511	1562.9	2578.58	2	314	283	
512	1464.95	2644.74	2	319	283	
513	1464.95	2512.42	2	334	283	
514	878.8399999999999	436.29999999999995	2	285	296	
515	883.74	838.9499999999999	2	287	291	
516	684.66	1859.9	2	288	370	
517	1336.725	1026.45	2	289	294	
518	1960.195	1816.07	2	293	298	
519	1321.685	1117.78	2	294	299	
520	1943.0099999999998	1958.29	2	295	300	
521	886.875	486.12	2	296	301	
522	582.09	2357.89	2	297	302	
523	1943.0149999999999	1742.22	2	298	303	
524	535.2850000000001	2568.08	2	302	307	
525	1436.2549999999999	937.7	2	304	309	
526	797.65	649.95	2	305	310	
527	906.8899999999999	1783.17	2	346	306	
528	867.0699999999999	1869.52	2	306	311	
529	760.43	1826.345	2	306	370	
530	609.9300000000001	2713.38	2	337	307	
531	586.16	2809.935	2	337	307	
532	1639.76	1968.875	2	351	308	
533	1639.76	1805.87	2	348	308	
534	760.43	1912.0549999999998	2	311	370	
535	945.65	1475.79	2	312	362	
536	853.04	1687.39	2	312	346	
537	853.04	1264.19	2	312	365	
538	760.43	1634.9450000000002	2	312	370	
539	760.43	1423.35	2	312	366	
540	911.7349999999999	2514.86	2	313	338	
541	1638.8000000000002	2657.42	2	314	350	
542	1638.8000000000002	2536.4300000000003	2	314	353	
543	1638.8000000000002	2586.075	2	314	349	
544	1605.055	2703.13	2	314	347	
545	1562.8999999999999	2673.935	2	314	319	
546	1600.8500000000001	2512.42	2	314	334	
547	1564.0	1906.75	2	316	351	
548	1520.0500000000002	1943.98	2	316	321	
549	1511.165	1869.52	2	316	348	
550	1244.27	1263.4748450361901	2	317	332	
551	1097.3	1264.19	2	317	343	
552	1022.39	1374.19	2	317	362	
553	1413.75	2703.1299999999997	2	319	345	
554	1119.59	2644.74	2	319	330	
555	1093.925	2703.1299999999997	2	319	323	
556	1188.92	2703.1299999999997	2	319	341	
557	1564.0	2102.8050000000003	2	321	351	
558	1184.435	1687.39	2	322	344	
559	1022.39	1585.79	2	322	362	
560	1037.875	1687.39	2	322	346	
561	1236.4318146686346	1196.4646887861904	2	325	332	
562	1173.02	1190.9923443930952	2	325	343	
563	1299.8436293372692	1186.5723443930951	2	325	336	
564	1374.4499999999998	1471.94	2	326	329	
565	1433.3799999999999	1368.065	2	326	333	
566	1374.4499999999998	1263.4748450361901	2	326	332	
567	1113.6999999999998	2512.42	2	327	334	
568	1119.59	2571.42	2	327	330	
569	1400.143629337269	1196.4646887861904	2	328	332	
570	1354.978004337269	1186.7723443930952	2	328	336	
571	1439.76	1687.39	2	329	344	
572	1498.69	1471.94	2	329	333	
573	1439.7790021686346	1263.4748450361901	2	332	333	
574	1173.02	1229.9697669111902	2	332	343	
575	1327.410816837269	1196.4646887861904	2	332	336	
576	1639.76	2482.235	2	334	353	
577	1601.88	2452.05	2	334	351	
578	1410.73	2452.05	2	334	356	
579	1160.7	2452.0499999999997	2	334	363	
580	1062.83	2482.235	2	334	338	
581	865.7	2830.335	2	337	341	
582	1018.27	2452.0499999999997	2	338	363	
583	867.175	2452.05	2	338	367	
584	1008.385	934.19	2	339	369	
585	1638.8	1721.8921237796162	2	340	358	
586	1601.4819450278192	1742.22	2	340	348	
587	1562.91	1715.4733958285665	2	340	344	
588	1021.57	1225.055	2	343	369	
589	1511.7451760764031	1742.22	2	344	348	
590	1053.35	1715.4733958285665	2	344	346	
591	984.02	1687.39	2	346	362	
592	760.43	1734.79	2	346	370	
593	1601.88	1869.52	2	348	351	
594	1748.4050000000002	2611.71	2	349	350	
595	1639.76	2350.455	2	351	353	
596	1564.0	2356.84	2	351	356	
597	1913.62	2401.77	2	352	355	
598	1882.285	2505.31	2	355	359	
599	1019.27	2267.22	2	360	363	
600	983.33	1264.19	2	362	369	
601	945.09	1223.9250000000002	2	365	369	
602	760.43	1225.055	2	365	366	
603	722.545	1582.5	2	366	370	
604	1384.06	981.13	3	474	431	
605	1384.06	925.93	3	480	431	
606	1460.06	928.33	3	395	501	
607	783.18	2603.74	3	383	416	
608	1849.62	1299.71	3	470	403	
609	783.18	2662.82	3	383	416	
610	1848.12	1386.6	3	403	502	
611	1075.17	2601.79	3	390	416	
612	1878.62	1500.23	3	448	507	
613	1075.17	2663.31	3	390	416	
614	1966.87	1455.71	3	492	502	
615	1918.08	1587.32	3	486	492	
616	1966.17	1673.71	3	469	498	
617	988.11	364.33	3	405	
618	1933.51	1754.51	3	475	482	
619	1871.5997109375003	1049.71	3	404	
620	1871.5997109375003	1098.25	3	417	
621	1679.06	1758.62	3	455	460	
622	1907.36	1074.544904490625	3	411	
623	1954.22	1844.52	3	481	487	
624	1903.83	2091.56	3	473	497	
625	1917.36	2714.61	3	426	512	
626	2002.57	2454.85	3	441	
627	1948.54	2592.54	3	503	430	
628	1923.96	2554.23	3	447	426	
629	1861.29	2520.54	3	456	435	
630	1861.29	2456.54	3	453	435	
631	1895.7	2372.89	3	452	422	
632	1946.61	2223.45	3	473	490	
633	1029.85	2007.07	3	465	410	
634	974.01	1984.5	3	465	389	
635	1311.21	896.1	3	480	491	
636	992.64	1922.27	3	461	465	
637	1384.06	879.69	3	391	480	
638	1119.17	1769.23	3	427	438	
639	1228.67	1078.44	3	468	399	
640	1119.17	1823.53	3	427	545
641	1178.99	1107.79	3	468	495	
642	1445.54	1768.45	3	427	545
643	1315.23	1137.44	3	468	519	
644	1445.54	1825.09	3	427	444	
645	1384.06	1106.93	3	468	442	
646	1384.06	1045.73	3	474	436	
647	673.2	1970.37	3	371	511	
648	795.675	2554.0	3	372	386	
649	740.6850000000001	2505.76	3	372	518	
650	728.19	2554.0	3	372	383	
651	673.2	2534.4049999999997	3	372	379	
652	941.3687010546925	438.3442339062533	3	374	405	
653	673.2	2209.775	3	375	511	
654	1169.8899999999999	2529.88	3	376	520	
655	1128.485	2554.0	3	376	386	
656	1128.485	2505.76	3	376	518	
657	941.3687010546925	596.5184678125063	3	377	405	
658	456.86	2471.685	3	378	381	
659	673.2	2653.9049999999997	3	379	383	
660	625.36	2632.81	3	379	397	
661	941.3687010546925	745.9584678125059	3	380	405	
662	625.36	2452.09	3	381	384	
663	541.11	2389.37	3	381	388	
664	1720.465	1678.073975762045	3	382	443	
665	1654.104403463228	1704.745	3	382	424	
666	783.1800000000001	2567.15	3	383	386	
667	783.1800000000001	2719.55	3	383	394	
668	741.525	2753.81	3	383	407	
669	673.2	2474.37	3	384	518	
670	673.2	2386.065	3	384	511	
671	625.36	2359.26	3	384	388	
672	983.1773557337373	1801.33	3	385	438	
673	865.01	1844.52	3	385	389	
674	869.81	1756.6857199072122	3	385	429	
675	755.6400000000001	1801.33	3	385	511	
676	1122.53	2580.3	3	386	390	
677	1169.8899999999999	2567.15	3	386	520	
678	1017.8299999999999	2554.0	3	386	414	
679	878.375	2554.0	3	386	408	
680	1019.0317215593897	519.3984678125066	3	387	405	
681	755.6400000000001	1963.27	3	389	511	
682	1169.89	2671.685	3	390	402	
683	1143.8200000000002	2703.81	3	390	425	
684	1096.46	2703.8100000000004	3	390	398	
685	1169.8899999999999	2611.029021679688	3	390	520	
686	1075.17	2694.55	3	390	394	
687	1447.49	891.12	3	391	395	
688	1019.0317215593897	644.5830758125062	3	392	405	
689	552.75	2628.9049999999997	3	393	397	
690	1075.17	2728.81	3	394	398	
691	1003.115	2753.81	3	394	419	
692	1019.0317215593897	767.7702758125058	3	396	405	
693	1018.63	410.89924190625356	3	400	405	
694	625.36	2830.1549999999997	3	401	407	
695	1656.57	2671.685	3	402	415	
696	1617.54	2639.56	3	402	409	
697	1614.8850000000002	2703.81	3	402	439	
698	1477.575	2703.81	3	402	500	
699	1280.075	2703.81	3	402	496	
700	1376.4944476074234	2639.56	3	402	520	
701	1953.8330533437493	1051.33225800625	3	404	411	
702	980.2002113070411	1221.365921914505	3	405	412	
703	1018.63	1179.4029609572526	3	405	519	
704	1019.0317215593897	981.365	3	405	495	
705	941.3687010546925	953.825	3	405	489	
706	940.8600000000001	1179.4029609572526	3	446	405	
707	941.3687010546925	1117.845	3	405	440	
708	1578.51	2038.65	3	406	515	
709	1534.1049278668684	1844.52	3	406	444	
710	772.15	2813.01	3	407	413	
711	948.5799999999999	2529.88	3	408	414	
712	878.375	2505.76	3	408	518	
713	1656.57	2529.99	3	450	409	
714	1656.57	2596.8950000000004	3	409	415	
715	1583.098895214847	2572.6600000000003	3	409	520	
716	1617.0700000000002	2505.76	3	409	518	
717	1953.8330533437493	1098.25	3	411	417	
718	1001.7015864523496	1666.4176873564	3	412	433	
719	1019.65	1554.8838436781998	3	488	412	
720	940.0	1605.2149726950283	3	457	412	
721	940.0	1470.9376289450283	3	454	412	
722	940.0	1309.5114902537644	3	449	412	
723	1020.2258171709619	1334.8645357173268	3	483	412	
724	961.5886778668687	1666.1444522940287	3	412	429	
725	1017.8299999999999	2505.76	3	414	518	
726	1684.15	2629.02	3	415	421	
727	1668.505	2554.22	3	450	415	
728	1670.36	2703.81	3	415	439	
729	756.8067922266572	1711.4150861006206	3	418	429	
730	714.4200000000001	1759.5865873693701	3	418	511	
731	714.4200000000001	1661.6	3	451	418	
732	673.2	1710.593293684685	3	418	517	
733	1147.975	2753.81	3	419	425	
734	1901.75	2581.2200000000003	3	421	426	
735	1792.95	2710.45	3	445	421	
736	1745.3646583585505	1049.71	3	423	428	
737	1655.63	956.465	3	423	506	
738	1654.104403463228	1758.15	3	455	424	
739	1654.104403463228	1670.0258218847866	3	424	443	
740	1654.104403463228	1813.1033539569014	3	458	424	
741	1615.867201731614	1844.47	3	424	515	
742	1615.867201731614	1661.6	3	459	424	
743	1577.6299999999999	1789.050740035737	3	424	444	
744	1577.6299999999999	1700.028266131806	3	424	433	
745	1932.15	2581.2200000000003	3	426	430	
746	1743.164278390862	1240.4664012991548	3	428	432	
747	1656.0200000000002	1145.0882006495774	3	459	428	
748	983.1773557337373	1699.8916486006206	3	429	433	
749	983.1773557337373	1745.1622824072122	3	429	438	
750	850.1621667842649	1666.1444522940287	3	457	429	
751	1656.0200000000002	1271.460816582358	3	459	432	
752	1512.1889248522366	1733.6388449072122	3	433	444	
753	1087.080390108087	1666.4176873564	3	488	433	
754	1224.3526991614865	1666.4176873564	3	499	433	
755	1363.9115278033996	1666.4176873564	3	509	433	
756	1506.7049278668683	1663.8624698721544	3	433	516	
757	1052.649862352237	1733.6388449072122	3	433	438	
758	633.69	1117.845	3	434	440	
759	545.2750000000001	1137.44	3	505	434	
760	1895.7	2526.5699999999997	3	447	435	
761	1895.7	2447.71	3	435	441	
762	1732.8098841647877	1455.9060070120452	3	437	443	
763	1656.0200000000002	1377.8080035060225	3	459	437	
764	1684.15	2791.33	3	445	439	
765	804.8050000000001	1098.25	3	489	440	
766	807.0300000000001	1137.44	3	446	440	
767	769.3050000000001	1098.25	3	484	440	
768	653.445	1137.44	3	505	440	
769	1949.1350000000002	2396.5099999999998	3	452	441	
770	1922.12	2498.9100000000003	3	447	441	
771	1656.0200000000002	1558.7530035060227	3	459	443	
772	848.44	1225.6000000000001	3	446	449	
773	714.4200000000001	1225.6000000000001	3	446	451	
774	673.2	1181.52	3	446	505	
775	755.6400000000001	1309.5114902537644	3	449	451	
776	1655.63	2344.8	3	450	515	
777	1656.57	2474.37	3	450	518	
778	755.6400000000001	1605.2149726950283	3	451	457	
779	755.6400000000001	1470.9376289450283	3	451	454	
780	673.2	1634.9699999999998	3	451	517	
781	673.2	1530.64	3	451	514	
782	673.2	1374.54	3	451	510	
783	673.2	1260.87	3	451	505	
784	1655.63	1948.2400000000002	3	458	515	
785	1616.8250000000003	1049.71	3	459	506	
786	1577.63	1551.3386568110768	3	459	516	
787	1577.63	1334.8679536860775	3	459	513	
788	1577.63	1181.52	3	459	519	
789	1577.6299999999999	1098.02	3	459	501	
790	1807.4650000000001	1735.78	3	460	464	
791	1065.0436743506953	2349.0968104213052	3	462	466	
792	1019.0768371753477	2442.98	3	462	518	
793	1792.21	2144.7200000000003	3	463	467	
794	1655.63	2149.32	3	463	515	
795	1830.02	1695.755	3	464	469	
796	1172.6016577491325	2442.98	3	466	518	
797	1830.02	2164.495	3	467	473	
798	1332.56	1078.44	3	468	474	
799	1968.04	1717.8	3	469	475	
800	1578.51	2338.0625416224775	3	471	515	
801	1489.72	2348.252541622477	3	471	477	
802	1534.2952893237848	2442.98	3	471	518	
803	864.8199999999999	2442.98	3	472	518	
804	755.64	2262.5299999999997	3	472	511	
805	1946.61	2142.605	3	473	485	
806	1936.54	2091.56	3	473	479	
807	1347.635	982.46	3	474	480	
808	1985.13	1792.76	3	475	481	
809	1933.51	1635.745	3	476	498	
810	1384.3490942725698	2442.98	3	477	518	
811	710.095	989.45	3	478	484	
812	1974.59	2091.56	3	479	485	
813	1087.080390108087	1444.129071434654	3	483	488	
814	1154.510780216174	1333.3386568110768	3	483	494	
815	1088.2247992877744	1225.6000000000001	3	483	519	
816	1968.04	1938.6	3	487	493	
817	1154.510780216174	1554.2284273188893	3	488	499	
818	1968.04	1608.77	3	492	498	
819	1224.3526991614865	1441.077313622154	3	494	499	
820	1294.194618106799	1333.338656811077	3	494	504	
821	1226.6085585364863	1225.6000000000001	3	494	519	
822	1098.095	1137.44	3	495	519	
823	1381.95	2788.01	3	496	500	
824	1294.194618106799	1553.8011812251395	3	499	509	
825	1577.6299999999999	956.465	3	501	506	
826	1874.05	1455.7099999999998	3	502	507	
827	1363.9115278033996	1445.1361515127794	3	504	509	
828	1436.255164981799	1334.8679536860775	3	504	513	
829	1365.224891544299	1225.6000000000001	3	504	519	
830	1432.593055606799	1553.6062349360773	3	509	516	
831	565.03	1452.94	3	510	514	
832	714.4200000000001	2442.98	3	511	518	
833	673.2	1804.24	3	511	517	
834	1507.204647920587	1441.077313622154	3	513	516	
835	1506.275	1225.6000000000001	3	513	519	
836	1617.0700000000002	2442.98	3	515	518	
837	1376.4944476074234	2505.76	3	518	520	
838	503.28	2907.1	4	559	587	
839	1964.92	1927.85	4	614	639	
840	1016.51	2098.1	4	530	667	
841	1913.92	2181.58	4	615	631	
842	957.55	2061.76	4	537	667	
843	977.6	2009.24	4	656	662	
844	1105.8	1850.42	4	545	668	
845	1955.42	2315.6	4	615	556	
846	906.09	442.89	4	608	613	
847	1105.8	1906.12	4	545	785
848	1907.11	2358.6	4	601	555	
849	1459.32	1849.66	4	785	545
850	1870.39	2556.1	4	592	581	
851	1940.83	1312.83	4	604	570	
852	1459.32	1905.36	4	531	545	
853	1870.39	2622.1	4	596	585	
854	1684.42	1131.7693183594174	4	590	529	
855	1223.26	1140.99	4	560	586	
856	1934.92	2656.53	4	596	598	
857	1169.62	1171.41	4	638	586	
858	1961.29	2675.82	4	598	546	
859	1305.79	957.79	4	568	577	
860	1911.27	2743.39	4	602	542	
861	1380.5	937.65	4	591	577	
862	1927.14	2820.13	4	602	650	
863	1456.67	978.45	4	525	595	
864	1845.11	2810.14	4	642	645	
865	1380.5	1040.65	4	564	577	
866	1380.5	986.05	4	564	577	
867	1688.81	1777.2	4	617	623	
868	1380.5	1109.65	4	567	577	
869	761.39	2703.93	4	538	573	
870	1380.5	1172.25	4	572	577	
871	761.39	2765.73	4	538	573	
872	1333.89	1203.98	4	634	577	
873	1061.39	2703.17	4	538	551	
874	1857.37	1459.71	4	550	652	
875	1061.39	2766.49	4	538	551	
876	1857.77	1370.65	4	604	550	
877	1926.17	1665.55	4	629	635	
878	1887.57	1574.75	4	652	576	
879	1979.17	1537.35	4	635	658	
880	1978.17	1755.65	4	609	641	
881	1945.34	1837.85	4	609	627	
882	1837.53	1238.925	4	521	666	
883	1887.5300000000002	1237.8148251953335	4	521	579	
884	1887.53	1238.925	4	521	570	
885	1034.915	1820.91	4	522	668	
886	1034.9099999999999	1806.94	4	522	663	
887	964.02	1813.9250000000002	4	522	657	
888	645.3846029052327	1249.9148699754076	4	523	628	
889	529.6123014526163	1206.639739950815	4	523	669	
890	1186.5845920697689	1741.8	4	524	526	
891	1265.82	1629.8991441421945	4	524	533	
892	1176.0346504481317	1516.0823106461007	4	524	670	
893	1096.0389377728939	1741.8	4	524	663	
894	1083.4168525965692	1629.8991441421945	4	524	665	
895	1492.8200000000002	1188.925	4	525	534	
896	1492.8200000000002	1047.65	4	525	529	
897	1459.32	1774.37	4	526	531	
898	1362.4930295697686	1741.8	4	526	533	
899	1105.8	1774.37	4	526	663	
900	647.87	1391.0060042940763	4	527	640	
901	1362.4863716395375	1516.0823106461007	4	528	533	
902	1265.8066841395378	1404.5858013191444	4	528	670	
903	1459.1660591395375	1404.5858013191444	4	528	544	
904	1363.8535591395375	1293.19	4	528	634	
905	1575.8	1165.02	4	529	534	
906	1579.39	1835.48	4	531	536	
907	1519.1269966395375	1741.8	4	531	541	
908	1518.7399999999998	1929.1599999999999	4	531	580	
909	647.87	1587.4996490084313	4	532	640	
910	1459.1660591395375	1629.4581651382885	4	533	541	
911	647.87	2606.87	4	535	539	
912	647.87	2580.59	4	535	640	
913	626.8199999999999	2618.08	4	535	565	
914	605.77	2591.8	4	535	554	
915	1659.2900000000002	1659.86	4	536	643	
916	1659.2900000000002	1546.7450000000001	4	536	660	
917	1659.2900000000002	1949.71	4	536	637	
918	1659.2900000000002	2213.525	4	536	612	
919	1659.2900000000002	2460.875	4	536	607	
920	1659.2900000000002	1777.055	4	536	623	
921	1658.78	1322.23	4	536	666	
922	1659.2900000000002	1450.025	4	536	654	
923	1659.2900000000002	1360.96	4	536	648	
924	1579.39	1630.0441026382885	4	536	541	
925	1579.39	1404.4621346512065	4	536	544	
926	1619.08	1293.19	4	536	634	
927	1579.39	2333.0	4	536	584	
928	1579.39	2125.245	4	536	580	
929	1579.39	2470.165	4	594	536	
930	1619.3400000000001	2595.66	4	536	539	
931	957.55	1875.0349999999999	4	537	668	
932	919.6852204589635	1820.9099999999999	4	537	657	
933	808.255	1820.9099999999999	4	537	651	
934	734.88	1996.3203220933262	4	537	640	
935	1659.33	2622.58	4	539	607	
936	1619.1238107053282	2649.5	4	597	539	
937	1535.0466104777333	2649.5	4	539	653	
938	1469.955	2595.66	4	594	539	
939	1259.6	2595.66	4	599	539	
940	1323.1285884419917	2649.5	4	539	647	
941	1103.975	2649.5	4	539	547	
942	1057.5	2595.66	4	603	539	
943	846.8702204589636	2595.66	4	539	540	
944	757.985	2649.5	4	539	569	
945	691.375	2595.66	4	539	640	
946	647.87	2633.79	4	539	565	
947	734.88	2384.305	4	540	640	
948	1519.1269966395375	1515.734269302413	4	541	544	
949	647.87	2461.31385036341	4	543	640	
950	1518.814408663082	1293.19	4	544	634	
951	1107.5100000000002	2680.51	4	547	551	
952	1153.63	2665.005	4	547	647	
953	647.87	2236.985237082161	4	548	640	
954	1059.335	476.8124999999999	4	549	553	
955	946.52	461.43125	4	613	549	
956	1153.63	2777.3199999999997	4	618	551	
957	1131.784809234598	2808.629345672648	4	610	551	
958	1086.2350000000001	2810.14	4	551	583	
959	1153.63	2713.1810615005697	4	551	647	
960	1061.3899999999999	2799.52	4	551	578	
961	647.87	1797.1792249863934	4	552	640	
962	946.52	515.8325	4	613	553	
963	605.77	2690.4300000000003	4	554	565	
964	647.87	2011.5640945040363	4	557	640	
965	946.52	588.78125	4	613	558	
966	566.27	2931.1549999999997	4	559	563	
967	1109.9396184691961	2933.748521713277	4	606	561	
968	862.775	2863.09	4	561	578	
969	724.365	2863.09	4	561	573	
970	605.77	2934.185	4	561	563	
971	946.52	653.0925	4	613	562	
972	647.87	2665.005	4	565	569	
973	647.87	2771.8050000000003	4	565	573	
974	820.155	603.4925	4	566	571	
975	866.79	523.19125	4	613	566	
976	866.5499999999998	448.205	4	611	566	
977	704.625	2680.51	4	569	573	
978	1946.5501278439995	1165.02	4	570	579	
979	1946.5501278439995	1164.6873519592705	4	570	574	
980	866.79	680.4524999999999	4	613	571	
981	761.38	2825.995	4	573	578	
982	1947.8503578702448	1164.6873519592705	4	574	579	
983	866.32	865.9412499999999	4	616	575	
984	866.32	808.38625	4	613	575	
985	1305.79	1122.925	4	577	582	
986	1061.3899999999999	2836.615	4	578	583	
987	1524.0500000000002	2321.33	4	580	584	
988	1276.01	1172.4850000000001	4	582	586	
989	1801.332035473156	2696.2698400726526	4	593	588	
990	1658.77	2696.2042150726525	4	597	588	
991	1415.85	2344.67	4	589	594	
992	1361.75	2331.25	4	589	599	
993	1446.415	951.05	4	591	595	
994	1947.3449999999998	2495.95	4	592	601	
995	1915.8400000000001	2612.14	4	592	596	
996	1862.082035473156	2692.3150000000005	4	593	598	
997	1361.75	2470.165	4	594	599	
998	1658.8576214106565	2656.315	4	597	607	
999	1619.1238107053282	2728.1000000000004	4	597	630	
1000	1579.39	2688.51578806307	4	597	653	
1001	1946.8400000000001	2728.1000000000004	4	598	602	
1002	1157.45	2571.395	4	599	603	
1003	769.47	410.36	4	600	605	
1004	831.31	410.36	4	605	608	
1005	1189.7560906430513	2863.09	4	606	610	
1006	1993.67	1874.1	4	609	614	
1007	1945.34	1777.055	4	609	617	
1008	1211.6012814084531	2808.629345672648	4	610	618	
1009	1838.1499999999999	2253.835	4	612	615	
1010	906.655	858.96	4	613	616	
1011	946.52	836.6600000000001	4	613	649	
1012	946.52	749.7099999999999	4	613	661	
1013	1955.42	2236.71	4	615	619	
1014	1946.785	2181.58	4	615	625	
1015	921.585	874.59	4	616	622	
1016	961.56	866.7750000000001	4	616	655	
1017	873.5826612548622	874.59	4	616	664	
1018	1492.82	2778.7871727791035	4	618	630	
1019	1380.8537356130118	2813.0743455582065	4	618	624	
1020	1323.1285884419917	2744.5	4	618	647	
1021	1981.16	2181.58	4	619	625	
1022	880.58	1668.6399999999999	4	620	657	
1023	807.73	1741.8	4	620	651	
1024	807.76	1595.48	4	620	626	
1025	734.88	1668.6399999999999	4	620	640	
1026	1945.03	1715.66	4	621	641	
1027	961.55	1139.175	4	622	638	
1028	961.55	1008.0699999999999	4	622	644	
1029	961.55	908.1800000000001	4	622	655	
1030	921.585	1203.98	4	622	628	
1031	880.3253225097244	1039.285	4	622	664	
1032	880.58	1516.73	4	626	657	
1033	734.88	1516.73	4	626	640	
1034	1127.9413083783627	1293.19	4	628	670	
1035	1169.62	1248.585	4	628	634	
1036	1065.59	1203.98	4	628	638	
1037	1025.148937772894	1293.19	4	628	659	
1038	922.3	1293.19	4	628	657	
1039	808.2850000000001	1293.19	4	628	632	
1040	813.2026612548623	1203.98	4	628	664	
1041	691.375	1293.19	4	628	640	
1042	696.774930236796	1203.98	4	628	669	
1043	1694.4041582377426	2861.144881519338	4	630	636	
1044	1535.0466104777333	2728.1000000000004	4	630	653	
1045	1492.6271768839833	2736.97106150057	4	630	647	
1046	880.58	1365.585	4	632	657	
1047	734.88	1365.585	4	632	640	
1048	1976.2549999999999	2024.08	4	633	639	
1049	1658.78	1253.01	4	634	666	
1050	1217.7133420697687	1293.19	4	634	670	
1051	1976.435	1688.35	4	635	641	
1052	1798.79	2769.592147144338	4	636	642	
1053	1065.5949999999998	1074.37	4	638	644	
1054	734.88	1781.355	4	640	651	
1055	1065.5949999999998	941.77	4	644	655	
1056	1838.15	1494.555	4	646	652	
1057	1492.6271768839833	2688.51578806307	4	647	653	
1058	1736.27	1370.65	4	648	654	
1059	1058.07	814.3599999999999	4	649	661	
1060	880.58	1781.355	4	651	657	
1061	1926.17	1498.5300000000002	4	652	658	
1062	1736.27	1529.4	4	654	660	
1063	964.02	1774.37	4	657	663	
1064	964.02	1403.960953907035	4	657	659	
1065	964.02	1629.1728257828197	4	657	665	
1066	1086.2626167567255	1403.960953907035	4	659	670	
1067	1023.7184262982846	1514.73190781407	4	659	665	
1068	978.06	2030.23	4	662	667	
1069	1023.7184262982846	1741.8	4	663	665	
1070	1883.22	1313.49	5	769	788	
1071	994.34	1738.85	5	755	712	
1072	1972.29	1272.29	5	772	794	
1073	1133.5	2041.72	5	706	721	
1074	1851.97	1199.09	5	788	748	
1075	1172.56	2041.72	5	706	721	
1076	605.21	2566.72	5	735	820	
1077	1853.15	1113.15	5	758	748	
1078	1224.44	2041.72	5	706	721	
1079	1342.24	2041.72	5	706	721	
1080	1381.3	2041.72	5	706	721	
1081	1419.14	2041.72	5	706	721	
1082	1467.6	1902.21	5	717	721	
1083	1855.88	884.88	5	684	762	
1084	1467.6	1813.71	5	778	721	
1085	1856.66	915.5	5	684	766	
1086	1467.6	1719.71	5	778	721	
1087	1083.28	2414.52	5	723	737	
1088	1482.51	747.12	5	760	797	
1089	1083.28	2478.42	5	723	737	
1090	1385.71	735.63	5	757	801	
1091	675.74	2478.42	5	737	740	
1092	1385.71	791.38	5	757	801	
1093	675.74	2410.71	5	737	740	
1094	1385.71	690.88	5	801	815	
1095	1385.71	857.38	5	761	801	
1096	1919.9	2162.67	5	816	822	
1097	1385.71	919.13	5	765	810	
1098	1962.38	2162.67	5	674	816	
1099	1320.76	949.78	5	696	810	
1100	1899.55	2186.63	5	816	743	
1101	1233.01	887.95	5	753	810	
1102	1865.8	2272.08	5	774	803	
1103	1313.71	706.88	5	792	801	
1104	1865.8	2336.54	5	781	811	
1105	1157.26	735.15	5	791	730	
1106	1926.25	2370.28	5	685	811	
1107	1127.63	1580.55	5	785	750	
1108	1954.66	2418.08	5	685	738	
1109	1127.63	1645.86	5	785	936
1110	1939.04	2515.25	5	697	749	
1111	1467.6	1581.16	5	936	785
1112	1921.37	2529.65	5	697	701	
1113	1467.6	1647.08	5	778	785	
1114	1884.26	2582.78	5	691	814	
1115	1031.57	1820.16	5	759	733	
1116	976.27	2007.19	5	689	688	
1117	897.9	710.08	5	686	726	
1118	976.27	1794.78	5	759	683	
1119	1971.9	1488.15	5	776	724	
1120	1918.73	1401.29	5	772	779	
1121	751.92	2571.5899999999997	5	671	751	
1122	995.16	1394.7600000000002	5	672	731	
1123	995.16	1269.33	5	672	727	
1124	868.99	1306.8500000000001	5	672	819	
1125	932.075	1181.42	5	672	813	
1126	932.075	1432.2800000000002	5	672	736	
1127	1722.13	885.47	5	673	679	
1128	678.4991416406272	888.4223285937526	5	675	692	
1129	1016.2550000000001	2571.5899999999997	5	676	751	
1130	872.2049999999999	1682.137530982424	5	677	736	
1131	768.14	1727.1399999999999	5	677	763	
1132	1067.92	2329.365	5	678	718	
1133	965.54	2296.41	5	678	775	
1134	1831.1100000000001	900.19	5	679	684	
1135	1776.6200000000001	855.44	5	679	780	
1136	1880.25	2485.51	5	680	691	
1137	1894.8999999999999	2402.505	5	680	685	
1138	1865.8	2396.4500000000003	5	680	802	
1139	675.74	1127.886164296876	5	681	713	
1140	678.4991416406272	1036.75	5	681	692	
1141	1142.5	2637.96	5	682	687	
1142	768.14	1836.385	5	683	763	
1143	834.035	954.9223285937525	5	686	702	
1144	768.14	784.4223285937528	5	686	692	
1145	1346.98	2520.5899999999997	5	687	714	
1146	1177.13	2520.59	5	687	723	
1147	768.14	1966.6399999999999	5	763	688	
1148	1125.855	1048.99	5	690	809	
1149	1034.81	1048.99	5	690	722	
1150	946.53	1048.99	5	690	813	
1151	1182.27	1002.2950000000001	5	690	696	
1152	1128.2199999999998	955.6	5	690	730	
1153	897.9	1004.3199999999999	5	690	702	
1154	986.605	955.6	5	690	726	
1155	1903.1399999999999	2507.58	5	691	697	
1156	768.14	1081.42	5	692	813	
1157	768.14	1004.3199999999999	5	692	702	
1158	723.3195708203136	1113.85	5	692	713	
1159	678.4991416406272	656.8311642968764	5	692	817	
1160	678.4991416406272	758.4223285937528	5	692	823	
1161	1586.3	2612.465	5	693	699	
1162	1580.2849999999999	2520.59	5	693	708	
1163	1528.24	2520.5899999999997	5	693	714	
1164	976.27	2128.535	5	694	700	
1165	919.7149999999999	2215.35	5	694	775	
1166	815.65	2215.35	5	694	771	
1167	768.14	2123.65	5	763	694	
1168	1784.74	2582.7799999999997	5	695	699	
1169	1614.415	949.78	5	696	777	
1170	1612.97	1048.99	5	696	739	
1171	1651.03	999.385	5	756	696	
1172	1471.585	1048.99	5	696	805	
1173	1330.5349999999999	1048.99	5	696	734	
1174	1236.565	1048.99	5	696	809	
1175	1519.065	949.78	5	760	696	
1176	675.74	1205.922328593752	5	698	713	
1177	1667.4090124993895	2430.082558933774	5	699	703	
1178	1598.8899999999999	2487.945	5	699	708	
1179	1627.4312800414496	2448.1078389658587	5	699	708	
1180	1086.18	2215.35	5	700	787	
1181	1022.095	2215.35	5	700	775	
1182	834.035	1048.99	5	702	813	
1183	1667.48	2422.6200000000003	5	703	802	
1184	1651.0	2430.24	5	703	798	
1185	675.74	1346.922328593752	5	704	713	
1186	1651.0	2336.63	5	705	798	
1187	1651.0	2203.3500000000004	5	705	793	
1188	1651.0	2259.16	5	705	787	
1189	1467.6	2132.66	5	706	711	
1190	1286.02	2215.35	5	706	787	
1191	1937.73	1442.0900000000001	5	776	707	
1192	1928.23	1422.8899999999999	5	772	707	
1193	1608.825	2440.91	5	708	798	
1194	1574.27	2480.75	5	708	714	
1195	1791.6197201578116	1756.3119453687498	5	709	729	
1196	1701.5009942520073	1659.5519956760713	5	709	715	
1197	1885.2800000000002	1756.9399999999998	5	709	719	
1198	1934.9	1622.545	5	709	724	
1199	1652.99	1552.6100000000001	5	709	778	
1200	1652.99	1517.228795932496	5	709	746	
1201	1725.6	2049.9700000000003	5	710	716	
1202	1653.95	2035.71	5	710	793	
1203	1574.27	2132.6549999999997	5	711	793	
1204	1520.935	2215.35	5	711	787	
1205	770.16	1306.85	5	713	819	
1206	770.16	1147.635	5	713	813	
1207	722.4281868962573	1432.28	5	713	732	
1208	675.74	1426.63	5	713	789	
1209	1469.5349999999999	2440.8999999999996	5	714	786	
1210	1288.28	2440.91	5	714	782	
1211	1211.76	2480.75	5	714	723	
1212	1701.99	1756.3119453687498	5	715	729	
1213	1653.96	1659.5500000000002	5	778	715	
1214	1797.24	2119.8050000000003	5	716	743	
1215	1653.95	2119.8050000000003	5	716	793	
1216	1574.27	1948.02	5	717	793	
1217	1520.935	1846.07	5	778	717	
1218	1211.76	2329.37	5	782	718	
1219	1139.8400000000001	2302.97	5	718	787	
1220	1147.52	2355.76	5	718	723	
1221	1833.5900000000001	1817.8759726843746	5	719	725	
1222	1833.2194403156232	1764.6627726843749	5	719	729	
1223	1970.5157201578113	1756.9399999999998	5	719	724	
1224	1653.95	1956.8000000000002	5	720	793	
1225	1034.81	1181.42	5	722	727	
1226	1069.45	1115.205	5	722	809	
1227	995.16	1115.205	5	722	813	
1228	1211.76	2398.325	5	782	723	
1229	1112.8899999999999	2520.59	5	723	728	
1230	1743.5897201578116	1771.44	5	725	729	
1231	1653.95	1869.1100000000001	5	793	725	
1232	1653.96	1808.755	5	778	725	
1233	1075.31	845.375	5	726	730	
1234	1074.45	1269.33	5	784	727	
1235	1034.81	1357.24	5	727	731	
1236	1083.28	2552.6449999999995	5	728	751	
1237	1653.96	1764.3487453687499	5	778	729	
1238	1037.2638868932056	1466.17	5	731	741	
1239	1074.45	1411.705	5	784	731	
1240	995.16	1449.2250000000001	5	731	736	
1241	768.14	1557.208765491212	5	732	736	
1242	722.4281868962573	1682.83	5	763	732	
1243	675.74	1632.1395919835218	5	795	732	
1244	675.74	1505.975	5	789	732	
1245	1330.5349999999999	1466.17	5	734	741	
1246	1370.2099999999998	1323.795	5	796	734	
1247	1290.86	1323.795	5	790	734	
1248	1370.2099999999998	1115.205	5	734	805	
1249	1290.86	1115.205	5	734	809	
1250	629.65	2550.21	5	735	740	
1251	995.16	1612.598765491212	5	736	750	
1252	1000.0677737864112	1505.470856479371	5	736	741	
1253	819.575	1432.2800000000002	5	736	819	
1254	1652.98	1367.2	5	752	739	
1255	1652.98	1190.69	5	739	747	
1256	1652.98	1083.855	5	739	742	
1257	1613.1425532969088	1466.17	5	739	746	
1258	1572.96	1323.795	5	800	739	
1259	1572.96	1115.205	5	805	739	
1260	670.31	2550.21	5	740	751	
1261	675.74	2335.425	5	767	740	
1262	1520.1533811406418	1543.06	5	778	741	
1263	1063.8538868932055	1543.06	5	741	750	
1264	1572.7067622812838	1505.470856479371	5	741	746	
1265	1521.958381140642	1466.17	5	800	741	
1266	1420.71	1466.17	5	796	741	
1267	1236.565	1466.17	5	790	741	
1268	1128.355	1466.17	5	784	741	
1269	1731.31	1113.1499999999999	5	742	747	
1270	1939.04	2460.12	5	744	749	
1271	1652.99	1477.16	5	752	746	
1272	1613.1425532969088	1543.06	5	778	746	
1273	1731.31	1268.23	5	752	747	
1274	1954.67	2488.44	5	754	749	
1275	995.0699999999999	1756.94	5	755	759	
1276	1423.02	887.9499999999999	5	761	765	
1277	721.94	2211.04	5	763	767	
1278	675.74	2129.0	5	763	808	
1279	675.74	1972.775	5	763	804	
1280	675.74	1817.2199999999998	5	763	799	
1281	675.74	1710.8400000000001	5	763	795	
1282	1693.13	769.395	5	764	768	
1283	1951.97	985.03	5	766	770	
1284	768.14	2285.55	5	767	771	
1285	675.74	2263.0699999999997	5	767	812	
1286	1628.7199999999998	855.44	5	768	773	
1287	863.16	2255.88	5	771	775	
1288	1972.31	1422.8899999999999	5	772	776	
1289	1614.415	915.5	5	773	777	
1290	1067.92	2255.88	5	775	787	
1291	1614.1100000000001	1846.07	5	778	793	
1292	1364.79	2368.6549999999997	5	782	786	
1293	1288.28	2302.97	5	782	787	
1294	1831.11	1233.6599999999999	5	783	788	
1295	1182.26	1323.795	5	784	790	
1296	1128.355	1181.42	5	784	809	
1297	1574.27	2371.9399999999996	5	786	798	
1298	1469.53	2302.97	5	786	787	
1299	1612.635	2302.97	5	787	798	
1300	1612.635	2215.35	5	787	793	
1301	1918.73	1235.69	5	788	794	
1302	1236.565	1181.42	5	790	809	
1303	1651.0	2396.4500000000003	5	798	802	
1304	1313.7099999999998	839.955	5	801	806	
1305	1349.71	887.95	5	801	810	
1306	1982.6799999999998	2271.4	5	803	807	
1307	1941.1149999999998	2209.86	5	803	816	
1308	1910.1299999999999	2325.75	5	803	811	
1309	1300.9099999999999	887.95	5	806	810	
1310	537.4350000000001	2315.1	5	812	818	
1311	819.575	1181.42	5	813	819	
1312	1450.92	704.21	5	815	821	
1313	1433.45	852.26	6	837	867	
1314	1433.45	911.66	6	841	867	
1315	1433.45	968.66	6	845	876	
1316	1376.64	997.71	6	901	876	
1317	1888.32	2490.59	6	828	922	
1318	1293.04	939.31	6	876	972	
1319	1972.62	2297.12	6	832	962	
1320	1224.24	798.91	6	891	902	
1321	1927.02	2297.12	6	930	974	
1322	1145.96	783.66	6	902	911	
1323	1972.62	2178.54	6	944	958	
1324	1074.01	1715.26	6	903	908	
1325	1366.32	775.99	6	858	867	
1326	1871.3	2205.87	6	829	930	
1327	1108.01	1795.64	6	909	975	
1328	1871.3	2265.67	6	825	930	
1329	1058.24	1765.85	6	903	965	
1330	1930.42	2101.92	6	915	923	
1331	1058.24	1963.45	6	961	968	
1332	1958.63	1645.47	6	830	862	
1333	1904.37	2128.83	6	923	929	
1334	1942.8	1563.51	6	826	857	
1335	1968.63	1491.47	6	846	857	
1336	1936.22	1454.11	6	838	846	
1337	1876.63	1329.16	6	833	851	
1338	1708.82	1508.78	6	853	953	
1339	1918.77	1410.51	6	842	854	
1340	1968.78	1293.44	6	842	849	
1341	714.86	2477.5	6	914	844	
1342	1860.28	1225.26	6	849	967	
1343	1861.68	1146.76	6	863	967	
1344	1150.33	1576.33	6	912	936	
1345	779.98	2348.82	6	943	945	
1346	1150.33	1624.43	6	912	936	
1347	1880.31	945.94	6	859	875	
1348	1512.09	1573.85	6	936	959	
1349	779.98	2395.08	6	943	945	
1350	1880.51	963.54	6	859	885	
1351	1512.09	1625.81	6	936	959	
1352	1520.24	811.04	6	896	963	
1353	1433.45	760.06	6	867	881	
1354	1433.45	802.06	6	837	867	
1355	1893.28	2344.12	6	824	974	
1356	1887.655	2443.4	6	824	828	
1357	1869.27	2350.31	6	824	971	
1358	1143.3343732062822	2186.87	6	827	910	
1359	1942.8	1783.47	6	830	834	
1360	1299.1696839125643	2186.87	6	831	910	
1361	1979.345	2344.12	6	832	836	
1362	1445.849371412564	2186.87	6	835	910	
1363	1978.0349999999999	2443.4	6	836	840	
1364	1602.889170721341	2092.524167098067	6	839	955	
1365	1558.236043128157	2186.87	6	839	910	
1366	1967.51	1430.76	6	842	846	
1367	1602.889170721341	1852.2214473715048	6	843	955	
1368	1558.236043128157	1710.0574392014005	6	843	959	
1369	774.52	2461.355	6	916	844	
1370	763.54	2443.64	6	844	945	
1371	698.17	2460.5699999999997	6	844	848	
1372	725.365	2443.4	6	844	924	
1373	1299.9361704857838	2477.5	6	847	925	
1374	1150.33	2497.645	6	847	954	
1375	1150.33	2484.5	6	916	847	
1376	670.5050000000001	2443.4	6	924	848	
1377	1880.7849999999999	1293.44	6	849	851	
1378	1837.22	2355.76	6	850	971	
1379	1757.1778898040295	2489.398128049894	6	850	852	
1380	1755.0228898040295	2355.76	6	850	966	
1381	1704.875779608059	2483.449064024947	6	850	860	
1382	1704.875779608059	2380.85757958226	6	850	946	
1383	1704.875779608059	2424.971807520911	6	850	932	
1384	1704.875779608059	2460.6481257286296	6	925	850	
1385	1703.655076483059	2544.4205889873942	6	852	860	
1386	1942.8	1508.9699999999998	6	853	857	
1387	1527.2258772643095	2477.5	6	925	855	
1388	1046.185	1254.97	6	900	856	
1389	891.05	1327.51	6	856	861	
1390	737.53	1254.97	6	856	865	
1391	1982.8	1597.47	6	857	862	
1392	1866.37	954.74	6	859	969	
1393	1654.6289329321867	2477.5	6	925	860	
1394	966.18	1472.77	6	912	861	
1395	999.18	1450.52	6	906	861	
1396	1021.3050000000001	1420.02	6	906	861	
1397	1033.474724858177	1381.5019056129736	6	906	861	
1398	1040.0247248581773	1343.4969056129735	6	906	861	
1399	884.055	1489.145	6	894	861	
1400	926.68	1485.395	6	894	861	
1401	763.93	1429.27	6	861	879	
1402	794.305	1460.3400000000001	6	861	879	
1403	837.305	1480.7150000000001	6	861	879	
1404	1763.6	1965.4117541485286	6	864	868	
1405	1677.9012976916322	1899.9408770742643	6	864	955	
1406	736.9754732503638	1076.4305170317318	6	865	877	
1407	738.8204732503639	1055.2555170317319	6	865	877	
1408	745.9949999999999	1028.73	6	865	877	
1409	758.6023195744608	1001.917652154661	6	865	877	
1410	770.6623195744608	987.382652154661	6	865	877	
1411	735.74	1136.52	6	865	872	
1412	743.3299999999999	962.7950000000001	6	865	869	
1413	721.28	1421.0	6	865	879	
1414	673.1	1336.91	6	947	865	
1415	681.74	1410.19	6	947	865	
1416	673.1	1212.99	6	940	865	
1417	677.5799999999999	1010.03	6	933	865	
1418	673.1	1081.83	6	933	865	
1419	696.02	971.585	6	926	865	
1420	1715.6399999999999	782.54	6	866	870	
1421	1399.8849999999998	939.31	6	867	876	
1422	1366.32	896.51	6	867	871	
1423	1739.5131730071548	2004.8159747295836	6	868	873	
1424	1677.9012976916322	1985.1138644390562	6	955	868	
1425	964.9300000000001	938.04	6	869	874	
1426	874.5999999999999	900.67	6	918	869	
1427	794.46	973.1	6	869	877	
1428	822.3297317352764	965.2016715718732	6	869	877	
1429	847.0797317352764	963.0716715718731	6	869	877	
1430	881.14	962.6099999999999	6	869	877	
1431	928.94	969.41	6	869	877	
1432	743.3299999999999	923.065	6	926	869	
1433	1866.37	777.74	6	870	875	
1434	1353.52	939.31	6	871	876	
1435	1049.59	1136.52	6	872	874	
1436	892.665	1090.61	6	872	877	
1437	1687.3899999999999	2151.788630979583	6	873	878	
1438	1677.9012976916322	2078.302302854583	6	955	873	
1439	1119.15	1142.6399999999999	6	919	874	
1440	1125.85	1105.34	6	919	874	
1441	1161.0051297609289	1034.0832878881474	6	895	874	
1442	1084.82	1174.185	6	900	874	
1443	1107.195	959.135	6	911	874	
1444	1017.275	910.615	6	911	874	
1445	974.34	983.6099999999999	6	874	877	
1446	1005.44	1002.31	6	874	877	
1447	1029.94	1030.9099999999999	6	874	877	
1448	1044.8888748710044	1069.8266349502292	6	874	877	
1449	1969.6599999999999	945.94	6	875	880	
1450	1805.17	2303.4980654897918	6	878	971	
1451	1753.460594882155	2309.3	6	878	966	
1452	1674.57	2230.786850398109	6	955	878	
1453	1688.053202556754	2309.3	6	939	878	
1454	861.68	1546.915	6	894	879	
1455	839.71	1605.31	6	879	883	
1456	808.06	1582.9299999999998	6	951	879	
1457	744.38	1495.8899999999999	6	951	879	
1458	1968.8400000000001	963.54	6	880	885	
1459	1493.48	771.72	6	881	886	
1460	1677.9012976916322	1773.0577045431362	6	955	882	
1461	861.68	1668.8899999999999	6	894	883	
1462	842.0699999999999	1732.03	6	888	883	
1463	822.5	1638.19	6	956	883	
1464	824.8427839053546	1701.7686444019964	6	956	883	
1465	1253.171961737924	1498.791927142398	6	889	884	
1466	1163.7238329750066	1468.958411045418	6	934	884	
1467	1211.4738329750066	1462.208411045418	6	934	884	
1468	1242.0549999999998	1461.17	6	934	884	
1469	1143.0019752780588	1503.5813237239104	6	912	884	
1470	1675.022393348981	1618.5264545431364	6	959	887	
1471	1686.7159512055146	1527.3701502415217	6	953	887	
1472	871.89	1844.56	6	888	965	
1473	889.8050000000001	1798.99	6	888	965	
1474	881.5900395805859	1751.8529506206603	6	888	894	
1475	830.875	1862.59	6	888	920	
1476	809.1600000000001	1797.31	6	888	960	
1477	1521.915	1496.0149999999999	6	889	953	
1478	1391.895	1466.66	6	889	941	
1479	1376.295	1477.535	6	889	941	
1480	1350.045	1483.535	6	889	941	
1481	1271.065384767614	1465.7713046817807	6	889	941	
1482	1257.7899306445784	1461.7193721289668	6	889	941	
1483	1511.8400000000001	1448.3	6	889	952	
1484	1444.73	1449.605	6	889	921	
1485	1519.3799999999999	754.04	6	890	896	
1486	1199.6	939.31	6	891	897	
1487	1602.889170721341	2283.3225349083173	6	892	955	
1488	1602.889170721341	2380.85757958226	6	892	946	
1489	1602.889170721341	2332.42878979113	6	892	939	
1490	1527.9145853606706	2258.1075795822594	6	892	950	
1491	1527.9145853606706	2406.2235354595628	6	892	932	
1492	1697.8	1399.97	6	893	953	
1493	943.8499999999999	1598.1399999999999	6	894	912	
1494	921.245	1743.355	6	894	965	
1495	1222.9453146959809	1074.4549509521632	6	895	919	
1496	1262.78	1037.21	6	895	901	
1497	1212.54	997.7099999999999	6	895	897	
1498	1377.4218699486746	2256.86	6	898	950	
1499	1376.8666947356705	2406.2235354595628	6	898	932	
1500	1300.880350426008	2331.5417677297814	6	898	917	
1501	1697.8	1219.97	6	899	949	
1502	1113.385	1335.58	6	900	934	
1503	1125.83	1260.19	6	900	919	
1504	1124.25	1196.44	6	900	919	
1505	1073.17	1352.615	6	900	906	
1506	1262.78	1077.48	6	901	927	
1507	1290.8781908320004	1074.3518287411237	6	901	927	
1508	1324.225656195122	1073.7242299875595	6	901	927	
1509	1345.035	1084.025	6	901	927	
1510	1353.005	1105.34	6	901	927	
1511	1391.1447206335533	1119.2400007804622	6	901	907	
1512	1439.891102985665	1103.1304442323362	6	901	948	
1513	1452.94	1041.905	6	901	928	
1514	1090.49	1764.0549999999998	6	903	909	
1515	963.92	2497.645	6	904	954	
1516	870.3	2491.5	6	904	916	
1517	1066.21	2207.2795088949424	6	905	910	
1518	986.3199999999999	2224.87	6	905	976	
1519	906.43	2260.0382979574424	6	905	976	
1520	858.6800000000001	2020.26930869963	6	905	973	
1521	870.4708002146888	2049.6155704327703	6	905	973	
1522	920.8469100731194	2115.200153876276	6	905	973	
1523	956.645	2143.1415547933802	6	905	973	
1524	1001.1	2172.06	6	905	973	
1525	1047.8982435933408	2188.275900705997	6	905	973	
1526	822.4638256194773	2002.4744057987796	6	905	920	
1527	789.3	2220.455	6	905	938	
1528	789.3	2076.03	6	905	970	
1529	1108.02	1442.91	6	906	934	
1530	1102.915	1401.565	6	906	934	
1531	1049.6	1462.4650000000001	6	906	912	
1532	1381.8075101871464	1222.9176629321842	6	907	913	
1533	1355.5514044498927	1142.6422782886766	6	907	927	
1534	1355.9700320214165	1196.4368495057915	6	907	927	
1535	1419.4888813362172	1142.5915730357501	6	907	948	
1536	1410.0978320231693	1192.366557716177	6	907	948	
1537	1602.889170721341	2206.69054760363	6	910	955	
1538	1452.4224402697578	2226.5110952072596	6	910	950	
1539	1227.503044513036	2226.5110952072596	6	910	917	
1540	1110.1678693000322	2224.87	6	910	976	
1541	1124.77	1466.66	6	912	934	
1542	1392.9591554321814	1293.2899952445505	6	913	921	
1543	1360.9665572791341	1260.043757885781	6	913	927	
1544	1413.77	1256.12	6	913	948	
1545	1150.1235144885081	2461.355	6	916	925	
1546	1057.125	2491.5	6	916	954	
1547	1300.880350426008	2242.3093373947595	6	917	950	
1548	1300.880350426008	2424.971807520911	6	917	932	
1549	1227.503044513036	2443.796251457259	6	917	925	
1550	1154.1257386000643	2260.858845561072	6	917	976	
1551	776.68	795.755	6	918	926	
1552	855.9549407853832	1959.1494534694623	6	920	961	
1553	856.1889134541055	1995.2228281317316	6	920	961	
1554	860.7617978660846	1898.2227657523079	6	920	961	
1555	792.5799999999999	1930.75	6	920	964	
1556	1399.395	1442.91	6	921	941	
1557	1397.145	1401.565	6	921	941	
1558	1379.626814094519	1335.4436813440477	6	921	941	
1559	1424.3365684479436	1313.5778633384275	6	921	952	
1560	1441.44	1363.4	6	921	952	
1561	1464.1399999999999	1406.9	6	921	952	
1562	1483.24	1429.9	6	921	952	
1563	1962.6999999999998	2153.39	6	923	937	
1564	1928.1399999999999	2150.56	6	923	930	
1565	752.56	2374.085	6	924	945	
1566	744.15	2304.77	6	924	931	
1567	1502.3228898040295	2443.72007958226	6	925	932	
1568	1468.54	1078.875	6	928	948	
1569	1495.14	1067.895	6	928	948	
1570	1504.8115165912805	1035.421858308248	6	928	935	
1571	1951.9099999999999	2165.965	6	930	937	
1572	752.56	2221.75	6	931	938	
1573	752.56	2297.56	6	931	945	
1574	1654.5471629174244	2406.15757958226	6	932	946	
1575	1547.949772714899	1035.3250614457777	6	935	942	
1576	1516.8804828517555	1064.720283301157	6	935	948	
1577	1535.84	1006.3918930468795	6	935	963	
1578	1973.49	2167.895	6	937	944	
1579	770.93	2153.15	6	938	970	
1580	766.27	2290.35	6	938	945	
1581	1701.0	2332.42878979113	6	939	966	
1582	1640.3952342064867	2309.3	6	939	955	
1583	1652.2127879174245	2355.5575795822597	6	939	946	
1584	1666.195	1148.185	6	942	949	
1585	1685.7649999999999	1098.58	6	942	969	
1586	1660.52	1051.6	6	942	969	
1587	1629.835	1026.965	6	942	969	
1588	1590.418788934126	1011.2964844238586	6	942	969	
1589	1550.9777982890591	1071.660648356596	6	942	957	
1590	1606.3899999999999	1112.4	6	942	957	
1591	1624.3899999999999	1143.5	6	942	957	
1592	1648.8589734841057	1272.0317622602256	6	949	957	
1593	1645.4939734841055	1228.6617622602257	6	949	957	
1594	1639.19	1185.8000000000002	6	949	957	
1595	1674.1599999999999	1300.955	6	949	953	
1596	1602.889170721341	2242.3093373947595	6	950	955	
1597	1546.94	1461.4	6	952	953	
1598	1572.64	1464.3	6	952	953	
1599	1590.74	1460.1	6	952	953	
1600	1606.44	1448.8	6	952	953	
1601	1621.8400000000001	1430.2	6	952	953	
1602	1640.7135452825637	1380.4839539873794	6	952	953	
1603	1646.3551871978855	1349.301132304942	6	952	953	
1604	1649.0451871978853	1313.221132304942	6	952	953	
1605	1550.895	1527.61	6	953	959	
1606	1639.3931861551846	1526.8566536476005	6	953	959	
1607	1638.955782035161	1710.0574392014005	6	955	959	
1608	697.85	1732.03	6	956	960	
1609	787.9200000000001	1862.59	6	960	964	
1610	681.27	1998.91	6	964	970	
1611	1805.17	2332.53	6	966	971	
1612	1869.27	2320.62	6	971	974	
