shoes	234	238	240	244	245	249	253	254	255	259	260	261	264	265	266	270	271	272	276	277	278	281	282	283	286	287	288	290	291	292	295	296	297	300	301	302	304	306	307	308	309	311	312	313	315	316	317	318	320	321	322	324	325	326	328	329	331	333	335	337	341	345	347	350	353	356	360	363	367	
clothing	125	127	128	129	131	132	133	134	135	137	138	140	141	142	144	146	148	149	150	153	154	157	158	160	161	164	165	168	171	174	175	178	179	182	186	187	191	192	196	200	216	219	221	228	230	233	
cosmetics	4	8	9	19	21	25	26	31	32	33	35	36	37	40	41	43	46	47	50	54	55	57	58	63	68	74	79	80	84	87	93	96	98	106	108	111	112	116	117	122	124	
restaurant	826	835	836	838	840	855	868	873	882	890	892	919	922	931	941	952	956	960	965	969	973	
electronics	521	523	524	525	527	528	529	532	533	534	535	537	540	541	542	543	544	546	548	549	552	553	554	556	557	558	559	561	562	563	566	570	571	574	575	579	580	584	587	589	590	594	599	603	604	606	607	611	612	615	619	620	621	625	626	627	630	631	632	633	636	637	638	639	642	643	644	645	648	649	650	654	655	656	659	660	661	662	664	665	666	667	669	670	
bank	3	13	15	23	27	48	51	53	59	62	66	67	70	71	75	90	97	99	101	102	107	113	123	
accessories	371	374	375	377	378	380	381	384	385	387	388	389	393	396	397	400	406	407	413	419	421	423	425	428	434	439	443	450	454	457	461	462	466	467	471	472	477	478	482	483	484	485	487	488	489	493	495	496	497	499	500	501	503	504	505	506	509	510	512	513	514	517	520	
food	827	830	831	832	834	839	843	847	850	852	856	860	861	863	864	866	870	872	875	878	880	885	887	891	893	896	897	898	899	902	904	908	911	914	918	924	926	927	933	940	947	948	951	954	957	961	963	964	970	976	
bags	392	401	432	437	445	449	458	463	465	470	473	476	479	490	494	508	516	
travel	676	677	679	695	710	721	743	754	760	786	805	808	814	820	
others	671	673	675	678	681	682	683	686	687	688	689	693	694	698	699	701	704	705	706	707	709	711	712	716	717	720	726	730	738	742	744	747	749	752	756	758	762	764	766	768	770	773	777	780	782	789	791	795	796	797	799	800	804	809	812	817	818	823	
