0	755.24	939.31	958.64	1086.48	0	1	29	30	31	32	33	34	
1	1929.84	2014.9699999999998	2037.72	2152.14	0	1	16	35	
2	1332.0	1508.5	1621.26	1667.31	0	2	26	27	36	
3	868.34	1127.95	1426.22	1585.28	0	0	37	38	39	40	41	42	43	
4	1010.38	1127.95	1978.1	2025.75	0	0	22	
5	1306.6514874728207	1680.4456280978206	2287.16	2331.1014634781327	0	1	44	45	46	47	48	49	50	
6	1901.0	2030.76	2203.27	2363.77	0	1	51	52	53	54	
7	968.47	1128.19	2388.13	2428.4	0	2	6	
8	1127.95	1224.3500000000001	1426.22	1541.13	0	0	37	55	56	
9	1866.92	2006.19	1053.63	1110.5100000000002	0	0	7	
10	1389.9081280978205	1679.5081280978206	2331.1014634781327	2394.2264634781327	0	1	46	57	58	59	
11	868.0	968.47	2287.15	2439.81	0	1	60	61	62	63	64	
12	1929.84	2030.77	2152.15	2203.27	0	1	15	16	54	
13	755.24	939.31	628.45	958.6500000000001	0	0	33	65	66	
14	1127.95	1331.99	1541.13	1557.92	0	1	38	55	67	68	69	
15	868.34	1010.38	1585.28	1828.54	0	0	42	70	71	72	73	
16	1306.6514874728207	1680.4456280978206	2393.238963478133	2438.9139634781327	0	1	58	74	75	76	77	78	
17	968.47	1128.19	2428.4	2439.81	0	1	61	79	80	
18	2030.76	2078.27	2037.72	2363.76	0	1	53	
19	452.98	755.24	623.78	1259.73	0	0	34	66	81	
20	1127.95	1169.5900000000001	1557.92	1734.54	0	1	39	69	82	83	84	85	
21	1010.38	1127.95	1585.28	1807.59	0	0	21	41	70	85	86	
22	968.47	1128.19	2287.15	2388.13	0	1	60	87	88	89	
23	452.98	755.24	1259.73	1722.24	0	0	90	
24	1169.59	1508.5	1667.31	1734.54	0	1	83	91	92	93	
25	868.0	1010.38	1828.54	2025.75	0	0	71	94	95	
26	806.88	944.51	2671.78	2766.8100000000004	0	0	20	
27	452.98	755.24	1722.24	2138.0	0	0	96	
28	1508.5	1576.8	1621.26	1734.54	0	1	26	92	97	98	99
29	1217.83	1323.49	678.4	834.31	0	2	0	
30	1128.19	1254.16	2439.81	2671.7799999999997	0	1	28	100	101	102	
31	1114.9	1254.16	2671.78	2766.8100000000004	0	0	28	
32	452.98	755.24	2138.0	2671.79	0	0	1	103	104	
33	1200.03	1576.8	1086.48	1426.22	0	0	105	106	107	108	
34	755.24	868.34	1086.48	1259.73	0	1	32	81	109	110	
35	1537.6	1726.02	2671.78	2738.9500000000003	0	0	111	
36	755.24	1127.95	2439.81	2671.7799999999997	0	0	20	64	80	102	104	112	
37	1224.35	1576.8	1426.22	1541.13	0	0	68	113	114	
38	755.24	868.34	1259.73	1722.24	0	1	43	72	90	110	115	116	
39	1568.08	1688.6699999999998	2641.05	2671.79	0	1	17	111	
40	1254.16	1568.0800000000002	2439.81	2671.7799999999997	0	0	75	100	117	118	
41	1334.98	1576.8	1541.13	1621.2600000000002	0	0	67	99	114	119	120	121	
42	755.24	868.0	1722.24	2138.0	0	1	73	95	96	116	122	123	
43	1568.08	1680.8	2439.81	2641.05	0	0	17	76	117	124	
44	755.24	868.0	2138.0	2439.81	0	1	63	103	112	123	125	
45	2014.97	2030.76	2037.72	2152.14	0	1	35	
46	1680.8	1827.6	2287.15	2641.04	0	0	44	57	74	124	126	127	128	
47	1688.66	1922.41	2641.05	2671.79	0	0	128	129	
48	868.34	1056.16	2025.75	2287.15	0	0	62	89	94	122	125	
49	1576.8	1680.8	2000.13	2287.15	0	1	45	130	131	132	
50	1827.6	1922.4199999999998	2481.29	2641.05	0	0	126	129	133	134	
51	1056.16	1128.19	2025.75	2287.15	0	0	88	135	
52	1577.34	1680.8	1734.54	2000.1299999999999	0	1	131	136	137	138	139	
53	1424.99	1493.8	705.74	765.87	0	0	140
54	1827.6	1922.4199999999998	2363.77	2481.3	0	0	127	134	141	
55	1128.19	1347.45	2000.13	2287.16	0	0	49	135	142	
56	1577.34	1680.8	1621.26	1734.54	0	1	97	138	143	144	
57	1424.99	1493.8	765.87	825.31	0	0	23	140	
58	1922.42	2030.77	2363.77	2481.3	0	0	141	145	
59	1347.45	1576.8	2000.13	2287.16	0	0	47	132	
60	1577.34	1680.8	1426.22	1621.26	0	1	113	119	144	146	147	148	149	
61	1424.99	1505.27	825.31	885.9899999999999	0	2	18	
62	1922.42	2030.77	2481.29	2671.7799999999997	0	0	133	145	
63	1128.19	1577.3400000000001	1734.54	2000.1299999999999	0	0	82	86	91	98	139	
64	1577.34	1680.8	1086.48	1426.22	0	1	105	149	150	151	152	153	
65	1424.99	1505.27	885.99	949.69	0	2	19	
66	1680.8	1827.6	1851.99	2287.15	0	0	130	137	154	155	
67	1169.59	1331.99	1600.2	1667.31	0	0	36	84	93	120	
68	1424.99	1550.06	949.69	995.55	0	0	156	157	158	
69	939.31	1334.98	995.55	1086.48	0	1	29	108	159	160	161	162	
70	1827.6	1886.28	1892.62	2037.7199999999998	0	0	154	163	164	
71	1505.27	1550.06	890.95	995.55	0	0	158	165	
72	1334.98	1424.99	949.69	1086.48	0	1	4	107	157	159	166	167	
73	1973.42	2006.19	710.85	825.3000000000001	0	1	5	168	
74	1827.6	1866.9199999999998	1851.99	1892.6200000000001	0	0	155	163	
75	1493.8	1783.36	623.78	678.4	0	0	3	169	
76	1918.35	1958.62	765.87	825.31	0	1	170	
77	1424.99	1680.8	995.55	1086.48	0	1	106	153	156	166	171	172	
78	1851.17	2006.19	1110.51	1196.63	0	2	9	173	
79	1886.28	2006.19	1892.62	2037.7199999999998	0	0	8	164	
80	1493.8	1783.36	678.4	825.3	0	0	169	174	175	176	177	178	
81	1783.36	1958.62	765.87	792.74	0	1	170	175	
82	1550.06	1680.8	890.95	995.5500000000001	0	1	165	172	179	180	
83	1866.92	1950.8100000000002	1308.04	1380.1299999999999	0	2	181	
84	1783.36	1918.35	792.74	825.3	0	0	174	182	
85	1680.8	1721.77	1479.75	1523.0	0	1	14	148	
86	1875.95	1929.8300000000002	2037.72	2203.26	0	2	15	183	
87	1505.27	1973.42	825.3	890.9499999999999	0	0	177	180	182	184	
88	1721.77	2006.18	1479.75	1523.0	0	1	13	14	
89	1827.6	1901.0	2203.27	2287.16	0	2	52	
90	1958.62	1973.4199999999998	710.85	825.3000000000001	0	0	184	185	186	
91	1973.42	2006.19	1254.29	1479.74	0	1	11	13	187	188	
92	1827.6	1901.0	2287.15	2363.76	0	2	51	
93	1783.36	2006.1899999999998	674.57	710.85	0	0	168	178	186	189	
94	1950.81	1973.4199999999998	1308.04	1418.1399999999999	0	1	12	188	
95	1010.38	1127.95	1807.59	1978.1	0	1	21	22	
96	1783.36	1958.62	710.85	765.87	0	0	176	185	189	
97	1866.92	1973.42	1418.14	1479.74	0	0	187	
98	1866.92	1950.8100000000002	1380.13	1418.14	0	0	12	
99	1866.92	2006.18	1851.99	1892.6200000000001	0	0	8	
100	1323.49	1424.99	678.4	949.69	0	1	0	4	18	19	23	190	191	
101	1680.8	1851.17	1110.51	1196.63	0	0	151	192	
102	1424.99	1493.8	678.4	705.74	0	0	190	193	
103	1339.63	1493.8000000000002	623.78	678.4	0	1	2	25	191	193	
104	395.64	452.98	589.38	1241.46	0	1	194	
105	1217.83	1339.6299999999999	623.78	678.4	0	1	25	
106	1680.8	1866.92	1196.63	1479.7400000000002	0	0	147	150	192	
107	1043.33	1131.76	623.78	834.31	0	0	195	196	197	
108	1680.8	1887.6632294124981	1523.0	1851.3918372749988	0	0	136	143	146	198	
109	452.98	834.73	589.38	623.79	0	1	194	199	
110	1866.92	1969.16	1196.63	1308.0400000000002	0	1	181	200	
111	1680.8	1866.92	894.12	1110.51	0	0	7	152	171	179	201	
112	1131.76	1217.83	623.78	834.31	0	0	196	
113	1887.6632294124981	2006.8306150124974	1523.0	1850.768426074999	0	0	198	
114	834.73	1806.3000000000002	564.8	623.78	0	1	2	3	24	199	
115	1969.16	2006.3300000000002	1196.63	1254.2900000000002	0	1	10	11	173	200	
116	1866.92	2006.3300000000002	894.12	1053.63	0	0	201	
117	1043.33	1323.49	834.31	949.6899999999999	0	0	195	202	203	
118	1128.19	1306.6514874728207	2287.15	2441.0829087906327	0	1	6	50	78	79	87	101	118	142	204	
119	939.31	1043.33	623.78	995.55	0	1	24	31	65	162	197	203	205	
120	1827.6	1875.9499999999998	2037.72	2203.26	0	1	183	
121	1169.59	1331.99	1557.92	1600.2	0	1	121	
122	868.34	1200.03	1086.48	1426.22	0	0	30	40	56	109	115	161	
123	1043.33	1334.98	949.69	995.5500000000001	0	0	160	167	202	205	
124	1306.6514874728207	1389.9081280978205	2331.538963478133	2393.238963478133	0	0	48	59	77	204	
125	1526.43	1715.8400000000001	2011.38	2194.54	1	0	244	245	246	
126	1437.27	1526.43	2115.01	2426.32	1	1	245	247	248	249	250	251	252	
127	1820.64	1970.46	2627.15	2751.01	1	0	242	
128	1226.09	1526.4299999999998	2622.57	2841.51	1	0	253	254	255	256	
129	1715.85	1751.7099999999998	2011.38	2183.48	1	0	244	257	
130	1480.62	1526.4299999999998	2426.33	2622.5699999999997	1	1	249	254	258	259	260	261	262	
131	1752.08	1914.4699999999998	1247.53	1302.46	1	0	237	
132	404.31	664.95	2251.16	2841.5099999999998	1	0	218	263	264	
133	1751.7	1914.47	2048.98	2183.4700000000003	1	0	222	226	257	265	
134	665.4	1049.34	2632.77	2841.51	1	0	264	266	
135	1843.89	1914.47	2011.38	2048.98	1	0	265	
136	1526.43	1715.8400000000001	2194.53	2238.13	1	1	248	267	
137	1526.43	1736.21	1370.54	1448.95	1	0	268	269	
138	1751.7	1843.89	2011.38	2048.98	1	0	226	
139	1664.84	1715.84	2238.13	2539.07	1	1	267	270	
140	944.97	1049.3400000000001	1817.92	1888.72	1	0	243	
141	1526.43	1752.0800000000002	1448.94	1650.2	1	0	268	271	272	
142	1526.86	1914.4699999999998	1693.09	2011.3799999999999	1	0	273	274	
143	1715.85	1865.75	2484.26	2539.07	1	1	208	220	270	
144	1609.97	1914.47	1090.81	1247.53	1	0	275	276	277	278	279	
145	1807.97	1865.74	2539.07	2578.98	1	1	208	210	213	280	
146	1526.86	1609.9699999999998	1240.11	1370.54	1	0	281	282	283	284	
147	1807.97	1970.45	2578.98	2627.15	1	1	210	242	285	
148	1865.75	1970.24	2330.3	2578.98	1	0	213	224	
149	1609.97	1752.08	1247.53	1302.46	1	0	275	282	286	
150	1399.71	1476.81	886.41	1156.99	1	0	287	288	289	
151	1815.1	1891.1399999999999	2183.47	2285.9399999999996	1	1	222	
152	1142.62	1234.6699999999998	886.41	1090.81	1	2	239	
153	1609.97	1736.21	1302.46	1370.54	1	0	281	286	
154	764.02	1226.29	1255.98	1602.66	1	0	290	291	292	293	294	295	296	
155	1782.6	1815.1	2335.11	2484.25	1	1	236	238	297	298	299	
156	1736.21	1914.47	1302.46	1382.98	1	2	235	237	
157	1476.81	1620.97	896.37	1090.81	1	0	279	300	301	
158	1226.29	1426.49	1255.98	1346.8	1	0	302	303	304	305	306	
159	1815.1	1891.1399999999999	2285.95	2432.5	1	1	224	234	297	307	
160	1620.97	1914.47	886.41	1090.81	1	0	278	301	
161	1226.29	1426.49	1346.8	1602.6599999999999	1	0	302	308	309	
162	1815.1	1865.75	2432.5	2484.26	1	1	220	298	307	
163	944.97	1049.3400000000001	1970.51	2127.37	1	1	241	
164	441.8	773.5799999999999	832.15	1156.99	1	0	310	311	312	313	
165	1121.11	1437.27	2191.01	2426.32	1	0	252	314	315	316	
166	763.72	1049.3400000000001	2426.33	2484.77	1	1	317	318	319	320	
167	1715.85	1815.1	2183.47	2340.95	1	2	234	299	321	
168	773.58	892.0	848.06	1156.98	1	0	310	322	323	
169	1049.34	1226.09	2426.33	2841.5099999999998	1	1	232	233	256	266	315	317	324	325	326	327	
170	664.95	1049.33	2484.76	2632.7700000000004	1	2	218	232	
171	404.94	441.8	1138.94	1435.22	1	0	313	328	
172	1226.09	1480.6299999999999	2426.33	2476.17	1	1	251	262	314	326	329	
173	1332.92	1399.71	1090.81	1147.94	1	2	216	
174	441.8	665.4	1156.99	1435.22	1	0	312	328	330	331	
175	944.97	1121.11	2173.14	2426.33	1	0	207	211	316	318	327	
176	1226.09	1480.6299999999999	2561.16	2622.5699999999997	1	1	255	260	324	332	
177	1332.92	1399.71	1029.88	1090.8100000000002	1	2	214	
178	913.05	944.9699999999999	1817.92	2085.95	1	0	206	333	334	
179	764.57	944.97	2085.95	2426.3199999999997	1	0	319	335	336	
180	763.72	1032.0700000000002	1602.66	1732.29	1	1	294	337	338	339	340	341	
181	1752.08	1831.9399999999998	1489.3	1556.19	1	2	342	
182	763.72	913.0500000000001	1732.29	2085.95	1	0	334	340	343	344	345	
183	1032.07	1426.49	1602.66	1704.21	1	1	291	309	338	346	347	
184	1715.85	1782.6	2340.95	2420.61	1	2	236	321	
185	665.4	763.72	1255.98	1888.72	1	1	296	331	341	345	348	349	350	
186	1049.34	1121.11	1905.84	2183.3599999999997	1	0	211	227	351	352	
187	913.05	1032.07	1732.29	1817.92	1	0	333	339	343	353	
188	1526.43	1615.06	1650.2	1693.0900000000001	1	1	217	354	
189	1715.85	1782.6	2420.61	2484.25	1	2	238	
190	665.4	763.72	1888.72	2251.16	1	1	336	344	349	355	356	
191	1121.11	1423.09	1905.84	2115.0099999999998	1	0	352	357	358	
192	989.59	1142.6100000000001	848.06	1147.94	1	0	219	359	360	
193	1615.06	1752.08	1650.2	1693.0900000000001	1	1	217	361	
194	944.97	1049.3400000000001	1888.72	1970.51	1	1	206	241	243	
195	665.4	763.72	2251.16	2484.25	1	1	263	320	335	355	
196	1121.11	1437.27	2115.01	2191.01	1	0	351	358	
197	1752.08	1914.4699999999998	1655.24	1693.08	1	1	215	361	
198	1752.08	1831.9399999999998	1556.19	1592.81	1	1	231	
199	1426.49	1526.8600000000001	1240.1	1606.0	1	1	269	272	283	303	308	362	363	364	
200	1135.1269277343329	1275.326927734333	1147.94	1170.2484349810288	1	0	365	366	367	
201	773.58	1142.6200000000001	392.53	516.76	1	1	368	
202	944.97	1049.3400000000001	2127.37	2173.15	1	1	207	
203	1751.7	1849.02	1592.82	1655.25	1	1	369	
204	1426.48	1526.17	1602.66	1905.8400000000001	1	1	228	271	273	346	354	362	370
205	989.59	1135.4073964843328	1147.94	1254.3398412310291	1	1	292	359	367	371	372	
206	745.72	1142.62	516.76	762.93	1	1	368	373	
207	1736.21	1914.47	1382.98	1448.95	1	1	212	235	374	
208	1089.95	1426.48	1704.21	1817.92	1	2	221	223	225	228	27
209	1135.4073964843328	1274.9073964843328	1170.2484349810288	1256.3398412310291	1	1	290	304	365	371	375	
210	773.58	1142.6200000000001	762.93	848.06	1	1	209	373	
211	1752.08	1831.9399999999998	1448.94	1489.3	1	1	342	374	
212	1274.9073964843328	1399.4073964843328	1147.94	1257.3398412310291	1	1	230	306	366	375	376	
213	892.0	989.59	848.06	1255.97	1	1	209	293	322	360	372	377	
214	1831.94	1914.47	1448.94	1592.81	1	1	212	231	378	
215	1032.07	1089.95	1704.21	1905.84	1	1	221	227	337	347	353
216	404.94	665.4	1435.22	1882.24	1	0	350	
217	665.4	892.0	1156.99	1255.98	1	1	295	311	323	330	348	377	
218	1849.03	1914.47	1592.82	1655.25	1	1	215	369	378	
219	404.31	665.4	1882.24	2251.16	1	0	356	
220	1142.62	1332.9199999999998	1090.81	1147.94	1	1	216	219	230	239	379	
221	1226.09	1480.6299999999999	2476.16	2561.16	1	0	261	325	329	332	
222	1399.71	1426.48	1156.99	1255.98	1	1	287	305	363	376	380	
223	1234.67	1332.92	1005.36	1090.81	1	1	214	379	381	382	
224	1476.81	1609.97	1090.81	1156.98	1	1	277	289	300	383	
225	1261.04	1332.92	886.41	1005.36	1	1	240	382	384	
226	1426.49	1609.97	1156.99	1240.1100000000001	1	1	276	284	288	364	380	383	
227	1332.92	1399.71	886.41	1029.8799999999999	1	1	381	384	
228	1526.43	1664.8400000000001	2238.13	2539.07	1	0	247	259	385	
229	1234.67	1261.04	886.41	1005.36	1	1	240	
230	1526.43	1813.8500000000001	2539.07	2841.51	1	0	229	253	258	280	285	385	386	387	
231	1423.09	1526.4299999999998	1905.84	2115.0099999999998	1	1	246	250	274	357	370	
232	1813.85	1970.24	2751.01	2841.5	1	1	229	386	
233	1807.97	1820.64	2627.15	2781.54	1	0	387	
234	760.43	760.6899999999999	1782.19	1783.17	2	0	
235	973.71	1079.3	2026.99	2188.73	2	1	396	
236	684.67	760.43	1954.58	2248.8599999999997	2	1	422	423	424	425	426	427	
237	1372.35	1427.35	937.7	1056.76	2	1	428	
238	1953.22	2011.82	2401.77	2554.42	2	0	392	
239	684.67	760.43	2249.45	2568.08	2	1	424	429	430	431	432	433	
240	1562.32	1903.63	908.74	1092.2	2	0	434	
241	1372.35	1445.1599999999999	1056.76	1117.78	2	2	435	
242	1445.17	1564.0	1185.92	1264.19	2	1	436	437	438	439	440	
243	1858.93	2011.81	2832.06	2906.49	2	1	391	393	
244	1638.8	1663.24	1279.9	1341.3200000000002	2	0	441	442	443	
245	1022.54	1173.02	400.48	653.11	2	0	444	445	446	447	
246	1372.35	1445.1599999999999	1117.78	1177.07	2	2	448	
247	1564.0	1663.24	1092.2	1264.18	2	1	434	439	449	450	451	
248	1791.82	1808.9099999999999	1420.73	1487.42	2	1	452	
249	1663.24	1791.82	1092.2	1341.3200000000002	2	0	443	450	453	454	455	
250	1808.91	1887.63	1528.41	1598.7	2	2	456	457	
251	1564.0	1663.24	1264.19	1279.91	2	1	442	449	453	458	459	
252	1808.91	1887.63	1420.73	1528.4	2	1	418	452	457	460	
253	1791.82	1903.6299999999999	1092.2	1279.9	2	0	455	461	462	
254	1022.54	1173.02	653.11	869.7	2	0	463	
255	1639.76	1808.91	2068.23	2109.64	2	0	464	465	
256	1769.16	1839.65	2494.91	2560.43	2	2	466	
257	1564.0	1638.81	1279.9	1687.39	2	1	441	458	467	468	469	470	471	
258	1887.64	1975.8300000000002	1420.73	1491.46	2	1	398	460	
259	1791.82	1808.58	1279.91	1334.8400000000001	2	0	454	461	
260	1022.54	1173.02	869.7	1185.92	2	0	401	472	473	474	
261	1903.9	1976.46	2068.23	2109.64	2	0	475	
262	1769.16	1839.65	2401.77	2494.91	2	2	476	
263	1887.64	1909.5800000000002	1491.46	1701.04	2	1	403	456	477	478	
264	1903.63	1976.13	1137.27	1279.9	2	0	390	462	
265	477.95	945.58	866.1	1183.66	2	0	479	480	481	482	
266	1639.76	1976.45	2109.64	2209.8599999999997	2	0	394	464	475	483	484	
267	633.7	683.07	2520.29	2713.37	2	1	405	431	485	486	
268	945.58	995.2	866.1	934.19	2	1	479	487	488	489	
269	1909.57	1976.1299999999999	1491.46	1701.04	2	1	398	408	478	
270	1639.77	1808.58	1487.42	1701.04	2	0	467	490	491	
271	435.96	684.66	1183.66	1381.0900000000001	2	0	492	
272	1639.76	1927.65	2209.86	2248.86	2	0	483	493	
273	633.7	1113.24	2713.38	2754.1800000000003	2	1	485	494	495	496	497	
274	959.55	1022.54	481.08	869.7	2	1	444	463	488	498	499	500	501	
275	1808.91	1887.63	1637.37	1701.04	2	1	477	
276	1639.77	1791.82	1341.32	1487.4199999999998	2	0	468	490	
277	435.96	684.66	1381.09	1582.51	2	0	502	
278	1164.57	1366.99	2512.42	2644.7400000000002	2	0	503	504	505	506	
279	959.55	1059.49	436.3	481.08	2	1	416	445	446	500	507	
280	1808.91	1887.63	1598.7	1637.3700000000001	2	1	403	
281	813.72	959.5500000000001	653.11	811.8	2	0	419	498	508	509	
282	436.87	684.6700000000001	1582.5	1765.22	2	0	510	
283	1366.99	1562.91	2512.42	2644.7400000000002	2	0	511	512	513	
284	1271.02	1301.1	908.74	967.7	2	1	402	
285	797.65	1060.94	383.84	436.29999999999995	2	1	416	447	514	
286	1808.58	1909.57	1742.22	1958.28	2	0	388	
287	797.65	883.74	811.8	875.0699999999999	2	0	509	515	
288	436.87	684.6700000000001	1765.22	1954.58	2	0	516	
289	1301.1	1372.35	908.74	1026.45	2	1	402	407	517	
290	1808.58	1903.8899999999999	2068.23	2109.64	2	0	394	
291	883.74	960.03	811.8	866.0999999999999	2	0	501	508	515	
292	436.87	684.6700000000001	1954.59	2155.37	2	0	427	
293	1909.57	1976.4499999999998	1816.08	1866.1699999999998	2	1	420	518	
294	1271.02	1372.35	1026.45	1117.78	2	1	428	435	517	519	
295	1808.58	1976.4499999999998	1958.29	2068.24	2	0	520	
296	797.65	960.03	436.3	486.12	2	0	507	514	521	
297	436.87	684.67	2155.37	2357.89	2	0	426	433	522	
298	1909.57	1976.4499999999998	1742.22	1816.07	2	1	388	518	523	
299	1173.02	1372.36	1117.78	1177.07	2	1	397	401	404	448	519	
300	1909.57	1976.4499999999998	1866.16	1958.2800000000002	2	0	420	520	
301	813.72	960.03	486.12	653.11	2	0	415	499	521	
302	436.87	683.07	2357.89	2568.08	2	0	432	522	524	
303	1661.0	1976.46	1701.05	1742.23	2	1	408	413	523	
304	1372.35	1445.1599999999999	908.74	937.7	2	0	407	525	
305	797.65	813.72	486.12	811.8	2	1	415	419	526	
306	760.7	1053.35	1783.17	1869.52	2	0	527	528	529
307	435.96	633.7	2568.08	2906.49	2	0	486	524	530	531	
308	1639.76	1808.91	1742.22	2068.23	2	0	532	533	
309	1427.35	1445.1599999999999	937.7	1056.76	2	0	525	
310	767.13	797.65	522.39	777.51	2	1	526	
311	760.43	973.7099999999999	1869.52	2108.17	2	0	399	423	528	534	
312	760.43	945.65	1264.19	1687.39	2	0	535	536	537	538	539	
313	760.64	1062.83	2514.86	2571.42	2	0	540	
314	1562.9	1638.8000000000002	2512.42	2703.13	2	1	511	541	542	543	544	545	546	
315	1903.63	1975.8200000000002	908.74	1137.27	2	0	390	
316	1444.96	1562.9	1869.52	1943.98	2	0	547	548	549	
317	1022.4	1315.52	1264.19	1484.19	2	0	550	551	552	
318	1445.17	1562.32	908.74	1185.92	2	0	440	451	
319	1074.61	1562.8999999999999	2644.74	2703.1299999999997	2	1	409	503	512	545	553	554	555	556	
320	1808.91	1975.8200000000002	1279.9	1334.8300000000002	2	0	421	
321	1477.2	1562.9	1943.98	2261.63	2	0	548	557	
322	1022.4	1315.52	1484.19	1687.39	2	0	558	559	560	
323	1074.61	1113.24	2703.13	2713.38	2	1	494	555	
324	1858.93	2011.81	2692.31	2832.06	2	0	391	
325	1173.02	1299.8436293372692	1177.08	1196.0646887861903	2	0	561	562	563	
326	1315.52	1433.3799999999999	1264.19	1471.94	2	0	564	565	566	
327	1062.83	1164.57	2512.42	2571.42	2	1	506	567	568	
328	1355.043629337269	1445.243629337269	1177.08	1196.4646887861904	2	0	438	569	570	
329	1315.52	1564.0	1471.94	1687.39	2	0	470	564	571	572	
330	1074.61	1164.57	2571.42	2644.7400000000002	2	1	406	505	554	568	
331	973.71	1079.3	1869.52	1943.98	2	0	400	
332	1173.02	1446.1780043372692	1196.4646887861904	1263.4748450361901	2	1	437	550	561	566	569	573	574	575	
333	1433.38	1564.0	1264.19	1471.94	2	0	436	459	471	565	572	573	
334	1062.83	1639.77	2452.05	2512.42	2	1	504	513	546	567	576	577	578	579	580	
335	1858.93	2011.82	2554.42	2692.31	2	0	392	395	
336	1299.8436293372692	1354.978004337269	1177.08	1197.6748450361902	2	1	404	563	570	575	
337	586.16	865.7	2713.38	2906.49	2	0	496	497	530	531	581	
338	760.64	1062.83	2452.05	2514.86	2	1	430	540	580	582	583	
339	995.2	1021.58	869.7	934.19	2	1	473	487	584	
340	1562.91	1640.053890055638	1687.39	1742.7342475592322	2	1	469	491	585	586	587	
341	865.7	1264.6	2703.13	2906.49	2	0	495	556	581	
342	973.71	1079.3	1943.98	2026.99	2	1	396	399	400	
343	1021.58	1173.02	1185.92	1264.19	2	1	472	551	562	574	588	
344	1053.35	1564.0603521528062	1687.39	1743.5567916571329	2	1	558	571	587	589	590	
345	1264.6	1571.3	2703.13	2906.5	2	0	553	
346	760.43	1053.35	1687.39	1782.19	2	1	410	527	536	560	590	591	592	
347	1571.31	1858.93	2703.13	2906.49	2	0	393	544	
348	1459.43	1639.77	1742.22	1869.52	2	1	414	533	549	586	589	593
349	1638.8	1924.9099999999999	2560.44	2611.71	2	1	395	417	543	594	
350	1639.76	1858.93	2611.71	2745.91	2	0	541	594	
351	1564.0	1639.76	1869.52	2452.05	2	1	465	484	493	532	547	557	577	593	595	596	
352	1874.02	1953.22	2248.86	2401.77	2	1	389	597	
353	1639.76	1769.15	2248.86	2560.44	2	0	542	576	595	
354	1053.35	1459.4199999999998	1742.22	1869.52	2	2	410	411	412	414	223	225
355	1839.65	1953.23	2401.77	2505.31	2	1	476	597	598	
356	1258.56	1562.9	2261.63	2452.05	2	0	578	596	
357	684.67	1074.61	2571.42	2713.37	2	2	405	406	409	
358	1638.8	1660.99	1701.05	1742.23	2	1	413	585	
359	1839.65	1924.92	2505.31	2560.43	2	1	417	466	598	
360	973.71	1079.3	2237.56	2267.22	2	0	599	
361	1173.02	1271.02	908.74	1117.78	2	2	397	
362	945.65	1022.39	1264.19	1687.39	2	1	535	552	559	591	600	
363	973.71	1258.5700000000002	2267.22	2452.0499999999997	2	0	579	582	599	
364	1791.82	1975.82	1334.84	1420.74	2	2	418	421	
365	760.43	945.65	1183.66	1264.19	2	1	481	537	601	602	
366	684.66	760.43	1185.92	1582.51	2	1	482	492	502	539	602	603	
367	760.7	973.71	2108.17	2452.05	2	0	422	429	583	
368	1769.16	1874.0300000000002	2249.45	2401.77	2	2	389	
369	945.09	1021.57	934.19	1264.19	2	1	474	480	489	584	588	600	601	
370	684.66	760.43	1582.5	1954.59	2	1	425	510	516	529	534	538	592	603	
371	456.86	673.2	1850.34	2090.4	3	0	647	
372	673.2	808.1700000000001	2505.76	2554.0	3	1	648	649	650	651	
373	1062.13	1178.99	321.12	334.34000000000003	3	1	
374	791.9	941.3687010546925	364.33	512.3584678125067	3	0	652	
375	456.86	673.2	2090.4	2329.15	3	0	653	
376	1087.08	1169.8899999999999	2505.76	2554.0	3	1	654	655	656	
377	791.9	943.2887010546925	512.9984678125066	680.038467812506	3	0	657	
378	423.05	456.86	2389.37	2554.0	3	0	658	
379	625.36	673.2	2514.81	2753.81	3	1	651	659	660	
380	791.9	942.6487010546925	680.038467812506	811.8784678125056	3	0	661	
381	456.86	625.36	2389.37	2554.0	3	0	658	662	663	
382	1656.02	1784.9099999999999	1673.71	1735.78	3	1	664	665	
383	673.2	783.1800000000001	2554.0	2753.81	3	1	607	609	650	659	666	667	668	
384	625.36	673.2	2329.15	2514.81	3	0	662	669	670	671	
385	756.02	983.6	1758.14	1844.52	3	0	672	673	674	675	
386	783.18	1169.8899999999999	2554.0	2580.3	3	1	648	655	666	676	677	678	679	
387	1018.63	1179.4487010546916	457.95846781250685	580.8384678125065	3	0	680	
388	456.86	625.36	2329.15	2389.37	3	0	663	671	
389	756.02	974.0	1844.47	2082.07	3	0	634	673	681	
390	1075.17	1169.89	2580.3	2703.8100000000004	3	1	611	613	676	682	683	684	685	686	
391	1384.06	1460.06	863.22	891.12	3	1	637	687	
392	1018.63	1179.796477054692	580.8384678125065	708.3276838125059	3	0	688	
393	422.02	552.75	2554.0	2906.5	3	0	689	
394	783.18	1075.17	2685.29	2753.81	3	1	667	686	690	691	
395	1434.92	1460.0600000000002	891.12	1015.12	3	1	606	687	
396	1018.63	1180.206077054692	708.838467812506	826.7020838125055	3	0	692	
397	552.75	625.36	2554.0	2703.81	3	0	660	689	
398	1075.17	1117.75	2703.81	2753.81	3	1	684	690	
399	1178.99	1281.06	863.22	1078.44	3	2	639	
400	1018.63	1180.3884770546922	334.34	457.4684838125072	3	0	693	
401	552.75	625.36	2703.81	2906.5	3	0	694	
402	1169.89	1656.5700000000002	2639.56	2703.81	3	1	682	695	696	697	698	699	700	
403	1811.02	2002.57	1299.71	1386.6000000000001	3	2	608	610	
404	1834.12	2004.1208039531236	863.22	1051.33225800625	3	1	619	701	
405	941.3687010546925	1019.0317215593897	364.33	1221.365921914505	3	1	617	652	657	661	680	688	692	693	702	703	704	705	706	707	
406	1489.72	1578.51	1844.52	2232.83	3	0	708	709	
407	625.36	772.15	2753.81	2906.5	3	0	668	694	710	
408	808.17	948.5799999999999	2505.76	2554.0	3	1	679	711	712	
409	1578.51	1656.57	2505.76	2639.5600000000004	3	1	696	713	714	715	716	
410	974.01	1084.01	2007.07	2224.0699999999997	3	1	633	
411	1907.36	2000.3061066874986	1049.71	1103.21214081875	3	1	622	701	717	
412	940.0	1020.2258171709619	1221.365921914505	1666.4176873564	3	1	702	718	719	720	721	722	723	724	
413	772.15	863.35	2753.81	2872.21	3	0	710	
414	948.58	1087.08	2505.76	2554.0	3	1	678	711	725	
415	1656.57	1684.1499999999999	2554.23	2703.81	3	1	695	714	726	727	728	
416	783.18	1075.17	2580.3	2685.28	3	2	607	609	611	613	
417	1834.12	2001.8319855937486	1098.25	1246.6447580062497	3	1	620	717	
418	673.2	756.8067922266572	1661.6	1759.5865873693701	3	1	729	730	731	732	
419	863.35	1178.2	2753.81	2872.21	3	0	691	733	
420	791.9	941.01	321.12	364.33	3	1	
421	1684.15	1901.75	2554.23	2710.46	3	0	726	734	735	
422	1792.21	1895.7	2237.43	2396.5099999999998	3	2	631	
423	1655.63	1835.0993167171011	863.22	1050.2921569549196	3	0	736	737	
424	1577.6299999999999	1654.104403463228	1661.9776680075283	1845.6867079138028	3	1	665	738	739	740	741	742	743	744	
425	1117.75	1178.2	2703.81	2753.81	3	0	683	733	
426	1901.75	1932.15	2554.23	2714.61	3	1	625	628	734	745	
427	1119.17	1445.8879939707365	1735.78	1844.52	3	2	638	640	642	644	411	412
428	1655.63	1836.6590212592625	1049.71	1240.4664012991548	3	0	736	746	747	
429	754.02	983.1773557337373	1666.1444522940287	1756.6857199072122	3	1	674	724	729	748	749	750	
430	1932.15	1948.5400000000002	2554.23	2608.21	3	1	627	745	
431	1384.06	1434.9199999999998	891.12	1015.12	3	1	604	605	
432	1656.5700000000002	1830.6985567817235	1240.4664012991548	1302.455231865561	3	0	746	751	
433	983.1773557337373	1578.4898557337365	1666.4176873564	1733.6388449072122	3	1	718	744	748	752	753	754	755	756	757	
434	456.86	633.69	989.45	1137.44	3	0	758	759	
435	1861.29	1895.7	2396.51	2554.23	3	1	629	630	760	761	
436	1384.06	1460.06	1015.12	1078.44	3	2	646	
437	1656.5700000000002	1809.0497683295753	1299.71	1455.9060070120452	3	0	762	763	
438	983.1773557337373	1122.122368970737	1733.6388449072122	1845.8183550714741	3	1	638	672	749	757
439	1573.2	1684.15	2703.81	2872.21	3	0	697	728	764	
440	633.69	941.02	1098.25	1137.44	3	1	707	758	765	766	767	768	
441	1895.7	2002.5700000000002	2396.51	2498.9100000000003	3	1	626	761	769	770	
442	1384.06	1460.06	1078.44	1137.44	3	2	645	
443	1656.5700000000002	1829.801721454575	1455.9060070120452	1678.073975762045	3	0	664	739	762	771	
444	1445.8879939707365	1578.4898557337365	1733.58	1844.5214800714741	3	1	644	709	743	752
445	1684.15	1901.75	2710.45	2886.6099999999997	3	0	735	764	
446	673.2	940.8600000000001	1137.44	1225.6000000000001	3	1	706	766	772	773	774	
447	1895.7	1948.54	2498.91	2554.23	3	1	628	760	770	
448	1830.02	1918.08	1500.23	1570.27	3	2	612	
449	756.02	943.0836304435296	1225.6000000000001	1393.4229805075286	3	0	722	772	775	
450	1656.57	1792.21	2246.62	2554.22	3	0	713	727	776	777	
451	673.2	755.6400000000001	1225.6	1661.6	3	1	731	773	775	778	779	780	781	782	783	
452	1895.7	2002.5700000000002	2237.43	2396.5099999999998	3	1	631	769	
453	1792.21	1861.29	2396.51	2485.3900000000003	3	2	630	
454	756.02	943.6939820060296	1393.4229805075286	1548.4522773825283	3	0	721	779	
455	1656.57	1679.06	1735.78	1780.52	3	1	621	738	
456	1792.21	1861.29	2485.39	2554.23	3	2	629	
457	756.02	944.3043335685296	1548.4522773825283	1661.9776680075283	3	0	720	750	778	
458	1655.63	1830.02	1780.52	2052.01	3	0	740	784	
459	1577.63	1656.0200000000002	1049.71	1661.6	3	1	742	747	751	763	771	785	786	787	788	789	
460	1679.06	1830.02	1735.78	1780.52	3	1	621	790	
461	974.01	1084.01	1844.47	1922.27	3	0	636	
462	973.11	1065.0436743506953	2224.07	2444.983620842611	3	0	791	792	
463	1656.57	1792.21	2052.01	2246.63	3	0	793	794	
464	1784.91	1830.02	1673.71	1735.78	3	1	790	795	
465	974.01	1084.01	1922.27	2007.07	3	0	633	634	636	
466	1065.0436743506953	1280.1596411475698	2253.21	2445.5216457449546	3	0	791	796	
467	1792.21	1830.02	2052.01	2237.4300000000003	3	0	793	797	
468	1178.99	1384.06	1078.44	1137.44	3	1	639	641	643	645	798	
469	1830.02	2002.57	1673.71	1717.8	3	1	616	795	799	
470	1830.02	2002.57	1245.71	1299.71	3	0	608	
471	1489.72	1578.8705786475696	2232.83	2443.2950832449546	3	0	800	801	802	
472	755.64	974.0	2082.08	2442.99	3	0	803	804	
473	1830.02	1946.61	2091.56	2237.43	3	0	624	632	797	805	806	
474	1281.06	1384.06	982.46	1078.44	3	1	604	646	798	807	
475	1933.51	2002.57	1717.8	1792.77	3	1	618	799	808	
476	1830.02	1933.51	1608.77	1673.71	3	0	809	
477	1280.1596411475698	1488.5385473975696	2253.21	2443.2950832449546	3	0	801	810	
478	456.86	786.5	809.4	989.45	3	0	811	
479	1926.47	2002.57	2046.76	2091.56	3	0	806	812	
480	1311.21	1384.06	863.22	982.46	3	1	605	635	637	807	
481	1933.51	2002.57	1792.76	1844.51	3	1	623	808	
482	1830.02	1933.51	1717.8	1938.6	3	0	618	
483	1019.65	1156.799598575549	1225.6	1444.129071434654	3	0	723	813	814	815	
484	633.69	786.5	989.45	1098.25	3	0	767	811	
485	1946.61	2002.57	2091.56	2193.65	3	0	805	812	
486	1830.02	1918.08	1570.27	1608.77	3	1	615	
487	1933.51	2002.57	1844.52	1938.6	3	0	623	816	
488	1019.65	1154.510780216174	1443.35	1666.1444522940287	3	0	719	753	813	817	
489	786.5	940.86	809.4	1098.25	3	0	705	765	
490	1946.61	2002.57	2193.64	2237.42	3	0	632	
491	1281.06	1311.21	863.22	923.07	3	1	635	
492	1918.08	2002.57	1455.71	1608.77	3	1	614	615	818	
493	1830.02	2002.57	1938.6	2046.76	3	0	816	
494	1154.510780216174	1298.7063368567988	1225.6000000000001	1441.077313622154	3	0	814	819	820	821	
495	1018.63	1177.56	825.29	1137.44	3	0	641	704	822	
496	1178.2	1381.95	2703.81	2872.21	3	0	699	823	
497	1830.02	1926.47	2046.76	2091.56	3	0	624	
498	1933.51	2002.57	1608.77	1673.71	3	1	616	809	818	
499	1154.510780216174	1294.194618106799	1443.35	1665.1068546377787	3	0	754	817	819	824	
500	1381.95	1573.2	2703.81	2872.21	3	0	698	823	
501	1460.06	1577.6299999999999	863.22	1146.33	3	0	606	789	825	
502	1811.02	2002.57	1386.6	1455.7099999999998	3	1	610	614	826	
503	1948.54	2002.57	2554.23	2608.21	3	0	627	
504	1294.194618106799	1436.255164981799	1225.6000000000001	1445.1361515127794	3	0	820	827	828	829	
505	456.86	673.2	1137.44	1296.14	3	0	759	768	774	783	
506	1577.63	1656.0200000000002	863.22	1049.71	3	0	737	785	825	
507	1830.02	1918.08	1455.71	1500.23	3	1	612	826	
508	1932.15	2002.5700000000002	2608.21	2714.61	3	0	
509	1295.23	1432.593055606799	1443.35	1666.4176873564	3	0	755	824	827	830
510	456.86	673.2	1296.14	1452.94	3	0	782	831	
511	673.2	755.6400000000001	1758.14	2442.98	3	1	647	653	670	675	681	730	804	832	833	
512	1901.75	2002.57	2714.61	2872.21	3	0	625	
513	1434.9199999999998	1579.4892958411742	1225.6000000000001	1444.1359073721549	3	0	787	828	834	835	
514	456.86	673.2	1452.94	1608.3400000000001	3	0	781	831	
515	1578.51	1655.63	1844.47	2442.98	3	1	708	741	776	784	794	800	836	
516	1434.9199999999998	1578.7263563880492	1441.077313622154	1663.8624698721544	3	0	756	786	830	834	
517	456.86	673.2	1608.34	1850.34	3	0	732	780	833	
518	673.2	1655.63	2442.98	2505.76	3	1	649	656	669	712	716	725	777	792	796	802	803	810	832	836	837	
519	1018.63	1577.63	1137.44	1225.6000000000001	3	1	643	703	788	815	821	822	829	835	
520	1169.8899999999999	1583.098895214847	2505.76	2641.7580433593757	3	0	654	677	685	700	715	837	
521	1838.15	1887.5300000000002	1165.02	1312.83	4	0	882	883	884	
522	964.02	1105.8	1806.94	1820.91	4	1	885	886	887	
523	413.84	645.3846029052327	1206.639739950815	1295.4889220797213	4	0	888	889	
524	1086.277875545788	1267.3691841395378	1516.0823106461007	1743.7159776382882	4	0	890	891	892	893	894	
525	1456.67	1492.8200000000002	923.3	1212.83	4	0	863	895	896	
526	1105.8	1459.32	1741.8	1806.94	4	1	890	897	898	899	
527	413.84	646.0371450194903	1295.4889220797213	1486.5230865084316	4	0	900	
528	1265.8066841395378	1461.9004341395375	1293.19	1515.9816026382887	4	0	901	902	903	904	
529	1492.82	1684.4199999999998	930.28	1165.02	4	0	854	896	905	
530	957.55	1072.3	2098.1	2317.83	4	1	840	
531	1459.32	1579.3899999999999	1741.8	1929.1599999999999	4	1	852	897	906	907	908
532	413.84	647.5996450194903	1486.5230865084316	1688.4762115084313	4	0	909	
533	1265.82	1459.1660591395375	1516.0823106461007	1742.9347276382882	4	0	891	898	901	910	
534	1492.82	1658.78	1165.02	1212.83	4	0	895	905	
535	605.77	647.87	2565.52	2618.08	4	0	911	912	913	914	
536	1579.39	1659.2900000000002	1293.19	2595.66	4	1	906	915	916	917	918	919	920	921	922	923	924	925	926	927	928	929	930	
537	734.88	958.790440917927	1820.9099999999999	2171.7306441866526	4	0	842	931	932	933	934	
538	761.39	1061.3899999999999	2680.52	2788.9	4	2	869	871	873	875	
539	647.87	1659.29	2595.66	2649.5	4	1	911	930	935	936	937	938	939	940	941	942	943	944	945	946	
540	734.95	958.790440917927	2172.95	2598.3663863741517	4	0	943	947	
541	1459.1660591395375	1579.0879341395373	1515.9816026382887	1744.1066026382882	4	0	907	910	924	948	
542	1860.9	1911.27	2728.11	2810.1400000000003	4	0	860	
543	414.12	649.0656331786702	2359.69031520716	2562.9373855196595	4	0	949	
544	1459.1660591395375	1578.4627581866266	1293.19	1515.734269302413	4	0	903	925	948	950	
545	1105.8	1459.32	1806.94	1929.15	4	2	844	847	849	852	640	642
546	1961.29	2007.69	2656.53	2820.13	4	0	858	
547	1054.31	1153.6399999999999	2649.5	2680.51	4	1	941	951	952	
548	414.12	647.4054769286702	2113.938362082161	2360.0321120821604	4	0	953	
549	950.04	1168.6299999999999	377.84	479.9724999999999	4	0	954	955	
550	1812.84	2007.84	1370.65	1459.71	4	2	874	876	
551	1061.39	1153.63	2680.52	2810.14	4	1	873	875	951	956	957	958	959	960	
552	413.84	648.7665609130453	1688.08	1906.2784499727866	4	0	961	
553	950.04	1170.5499999999997	476.8124999999999	554.8525	4	0	954	962	
554	414.12	605.77	2565.52	2820.89	4	0	914	963	
555	1799.89	1907.1100000000001	2326.09	2495.9500000000003	4	2	848	
556	1955.42	2006.9	2291.85	2326.0899999999997	4	0	845	
557	414.12	649.5295003661703	1906.2784499727866	2116.849739035286	4	0	964	
558	950.04	1167.9899999999998	556.15	621.4124999999999	4	0	965	
559	503.28	566.27	2857.03	3005.29	4	0	838	966	
560	1169.62	1276.01	923.3	1140.99	4	2	855	
561	605.77	1109.9396184691961	2863.09	3008.0673284136406	4	0	967	968	969	970	
562	950.04	1169.2699999999998	621.4124999999999	684.7724999999999	4	0	971	
563	566.27	605.77	2820.89	3005.2799999999997	4	0	966	970	
564	1380.5	1436.16	951.05	1078.49	4	1	865	866	
565	605.77	647.87	2618.08	2863.09	4	1	913	946	963	972	973	
566	773.76	866.5499999999998	442.89	603.4925	4	0	974	975	976	
567	1380.5	1456.67	1078.49	1140.99	4	2	868	
568	1276.01	1305.8	923.3	983.76	4	1	859	
569	647.87	868.1	2649.5	2680.51	4	1	944	972	977	
570	1887.53	2005.570255687999	1165.02	1314.0919540100513	4	0	851	884	978	979	
571	773.76	866.5499999999998	603.8124999999999	757.0924999999999	4	0	974	980	
572	1380.5	1456.67	1140.99	1203.98	4	2	870	
573	647.87	761.38	2680.52	2863.09	4	1	869	871	969	973	977	981	
574	1684.4199999999998	2007.8068889887802	930.28	1164.6873519592705	4	0	979	982	
575	773.76	866.32	757.8124999999999	872.9224999999998	4	0	983	984	
576	1838.15	1926.17	1574.75	1648.15	4	2	878	
577	1305.79	1380.5	923.3	1203.98	4	1	859	861	865	866	868	870	872	985	
578	761.39	1061.3899999999999	2788.9	2863.09	4	1	960	968	981	986	
579	1887.5300000000002	2008.1707157404894	1165.02	1310.609650390667	4	0	883	978	982	
580	1459.32	1578.1599999999999	1929.16	2321.33	4	0	908	928	987	
581	1799.89	1870.39	2495.95	2586.18	4	2	850	
582	1276.01	1305.8	1041.87	1203.98	4	1	985	988	
583	1061.39	1111.0800000000002	2810.14	2863.0899999999997	4	1	958	986	
584	1469.95	1578.15	2321.33	2344.67	4	0	927	987	
585	1799.89	1870.39	2586.18	2656.5299999999997	4	2	853	
586	1169.62	1276.01	1140.99	1203.98	4	1	855	857	988	
587	414.12	503.28	2820.89	3005.2799999999997	4	0	838	
588	1658.77	1801.332035473156	2663.13	2729.409680145305	4	1	989	990	
589	1361.75	1469.95	2317.83	2344.67	4	0	991	992	
590	1684.42	1695.22	930.28	1165.02	4	0	854	
591	1380.5	1456.67	923.3	951.05	4	1	861	993	
592	1870.39	2008.22	2495.95	2612.14	4	1	850	994	995	
593	1801.332035473156	1862.082035473156	2656.53	2730.659680145305	4	1	989	996	
594	1361.75	1578.16	2344.67	2595.66	4	0	929	938	991	997	
595	1436.16	1456.67	951.05	1078.49	4	1	863	993	
596	1870.39	1961.2900000000002	2612.13	2656.53	4	1	853	856	995	
597	1579.39	1658.8576214106565	2649.5	2729.278430145305	4	1	936	990	998	999	1000	
598	1860.9	1961.2900000000002	2656.53	2728.1000000000004	4	1	856	858	996	1001	
599	1157.45	1361.75	2317.83	2595.66	4	0	939	992	997	1002	
600	701.61	769.47	377.84	453.51	4	1	1003	
601	1907.11	1987.58	2326.09	2495.9500000000003	4	1	848	994	
602	1911.27	1961.29	2728.11	2820.1400000000003	4	1	860	862	1001	
603	957.55	1157.45	2321.33	2595.66	4	0	942	1002	
604	1838.15	2007.8400000000001	1312.83	1370.6399999999999	4	0	851	876	
605	769.46	831.3100000000001	377.84	442.88	4	1	1003	1004	
606	1109.9396184691961	1271.8613811762812	2863.09	3004.407043426554	4	0	967	1005	
607	1659.33	1799.8899999999999	2326.09	2663.13	4	0	919	935	998	
608	831.31	950.04	377.84	442.88	4	1	846	1004	
609	1945.34	2007.1699999999998	1755.65	1874.1000000000001	4	1	880	881	1006	1007	
610	1109.9396184691961	1269.5725628169062	2808.629345672648	2864.026184051554	4	1	957	1005	1008	
611	769.46	866.78	442.89	453.52	4	0	976	
612	1659.33	1838.1499999999999	2100.96	2326.09	4	0	918	1009	
613	866.79	946.52	442.89	858.96	4	1	846	955	962	965	971	975	980	984	1010	1011	1012	
614	1945.34	2007.1699999999998	1874.1	1927.85	4	1	839	1006	
615	1838.15	1955.42	2181.58	2326.09	4	0	841	845	1009	1013	1014	
616	866.84	961.5600000000001	858.96	874.59	4	1	983	1010	1015	1016	1017	
617	1688.81	1945.03	1755.65	1798.46	4	1	867	1007	
618	1153.63	1496.928877476024	2744.5	2813.0743455582065	4	1	956	1008	1018	1019	1020	
619	1955.42	2008.22	2181.58	2291.84	4	0	1013	1021	
620	734.95	880.57	1595.48	1741.8	4	0	1022	1023	1024	1025	
621	1837.53	1945.03	1688.35	1755.6499999999999	4	0	1026	
622	881.62	961.55	874.59	1203.98	4	1	1015	1027	1028	1029	1030	1031	
623	1659.09	1688.81	1755.65	1798.46	4	1	867	920	
624	1267.22	1494.487471226024	2808.629345672648	3005.457158058206	4	1	1019	
625	1938.15	2006.9	2135.96	2181.59	4	0	1014	1021	
626	734.95	880.57	1437.98	1595.48	4	0	1024	1032	1033	
627	1837.53	1945.34	1798.46	2024.08	4	0	881	
628	647.87	1169.62	1203.98	1293.19	4	1	888	1030	1034	1035	1036	1037	1038	1039	1040	1041	1042	
629	1838.15	1926.17	1648.15	1688.3500000000001	4	1	877	
630	1492.82	1694.4041582377426	2728.1000000000004	3005.908513038675	4	0	999	1018	1043	1044	1045	
631	1838.15	1938.15	2135.96	2181.59	4	0	841	
632	734.95	881.62	1293.19	1437.98	4	0	1039	1046	1047	
633	1838.15	2006.9	2024.08	2135.95	4	0	1048	
634	1169.62	1658.77	1203.98	1293.19	4	1	872	904	926	950	1035	1049	1050	
635	1926.17	2007.8400000000001	1537.35	1688.35	4	1	877	879	1051	
636	1694.4041582377426	1799.3846269877426	2728.1000000000004	2994.189763038675	4	0	1043	1052	
637	1659.71	1838.15	1798.46	2100.96	4	0	917	
638	961.56	1169.6299999999999	1074.37	1203.98	4	0	857	1027	1036	1053	
639	1945.34	2007.1699999999998	1927.85	2024.09	4	0	839	1048	
640	647.87	734.88	1293.19	2595.66	4	1	900	909	912	934	945	947	949	953	961	964	1025	1033	1041	1047	1054	
641	1945.03	2007.84	1688.35	1755.6499999999999	4	1	880	1026	1051	
642	1798.79	1861.8846269877426	2728.11	2811.084294288675	4	0	864	1052	
643	1659.71	1838.15	1564.08	1755.6399999999999	4	0	915	
644	961.56	1169.6299999999999	941.77	1074.37	4	0	1028	1053	1055	
645	1798.79	1908.35	2810.14	2994.5499999999997	4	0	864	
646	1812.84	1838.1499999999999	1459.71	1529.4	4	1	1056	
647	1153.63	1492.6271768839833	2649.5	2745.84212300114	4	1	940	952	959	1020	1045	1057	
648	1659.71	1837.52	1351.27	1370.65	4	0	923	1058	
649	946.52	1169.62	814.36	858.96	4	0	1011	1059	
650	1908.36	2007.6799999999998	2820.13	2980.05	4	0	862	
651	734.89	881.63	1741.8	1820.9099999999999	4	1	933	1023	1054	1060	
652	1838.15	1926.17	1459.71	1574.75	4	1	874	878	1056	1061	
653	1492.6271768839833	1577.4660440714833	2649.5	2727.53157612614	4	1	937	1000	1044	1057	
654	1659.71	1812.83	1370.65	1529.4	4	0	922	1058	1062	
655	961.56	1169.6299999999999	858.96	941.77	4	0	1016	1029	1055	
656	957.55	1072.3	1929.16	2009.24	4	0	843	
657	880.58	964.02	1293.19	1820.91	4	1	887	932	1022	1032	1038	1046	1060	1063	1064	1065	
658	1926.17	2007.8400000000001	1459.71	1537.3500000000001	4	1	879	1061	
659	964.02	1086.277875545788	1293.19	1514.73190781407	4	0	1037	1064	1066	1067	
660	1659.71	1837.52	1529.4	1564.0900000000001	4	0	916	1062	
661	946.52	1169.62	685.06	814.3599999999999	4	0	1012	1059	
662	957.55	998.5699999999999	2009.24	2030.24	4	0	843	1068	
663	964.02	1105.8	1741.8	1806.94	4	1	886	893	899	1063	1069	
664	746.08	880.3253225097244	874.59	1206.746551474253	4	0	1017	1031	1040	
665	964.02	1083.4168525965692	1514.73190781407	1743.6137437515695	4	0	894	1065	1067	1069	
666	1658.78	1837.53	1165.02	1351.27	4	0	882	921	1049	
667	957.55	1056.67	2030.23	2098.1	4	0	840	842	1068	
668	957.55	1105.81	1820.92	1929.16	4	1	844	885	931
669	413.84	745.6798604735919	858.96	1206.639739950815	4	0	889	1042	
670	1086.2626167567255	1265.8066841395378	1293.19	1519.1066026382887	4	0	892	902	1034	1050	1066	
671	670.31	897.01	2571.59	2704.33	5	0	1121	
672	868.99	995.16	1181.42	1432.2800000000002	5	1	1122	1123	1124	1125	1126	
673	1679.65	1722.13	855.44	915.5	5	0	1127	
674	1941.11	1982.6699999999998	2049.96	2162.67	5	1	1098	
675	445.22	679.4991416406272	817.9223285937527	958.9223285937525	5	0	1128	
676	897.01	1105.32	2571.59	2704.33	5	0	1129	
677	768.14	976.27	1682.83	1771.4499999999998	5	0	1130	1131	
678	863.16	1067.92	2296.41	2355.75	5	0	1132	1133	
679	1722.13	1831.1100000000001	855.44	915.5	5	0	1127	1134	1135	
680	1865.8	1894.8999999999999	2370.28	2485.51	5	1	1136	1137	1138	
681	444.49	678.4991416406272	959.65	1141.9223285937521	5	0	1139	1140	
682	1104.44	1142.5	2571.59	2704.33	5	0	1141	
683	768.14	976.27	1771.44	1901.33	5	0	1118	1142	
684	1831.11	1951.9699999999998	884.88	915.5	5	1	1083	1085	1134	
685	1894.89	1954.66	2370.28	2434.73	5	1	1106	1108	1137	
686	768.14	897.4991416406268	614.74	954.9223285937525	5	0	1117	1143	1144	
687	1142.5	1482.2	2520.59	2704.34	5	0	1141	1145	1146	
688	768.14	976.27	1901.33	2031.9499999999998	5	0	1116	1147	
689	976.27	1081.86	1989.84	2041.72	5	0	1116	
690	897.9	1182.26	955.6	1048.99	5	1	1148	1149	1150	1151	1152	1153	1154	
691	1865.6	1903.1399999999999	2485.51	2582.78	5	1	1114	1136	1155	
692	678.4991416406272	768.14	613.922328593753	1113.85	5	1	1128	1140	1144	1156	1157	1158	1159	1160	
693	1482.2	1586.3	2520.59	2704.34	5	0	1161	1162	1163	
694	768.14	976.27	2031.95	2215.35	5	0	1164	1165	1166	1167	
695	1772.24	1865.6	2422.62	2582.7799999999997	5	0	1168	
696	1182.27	1652.99	949.78	1048.99	5	1	1099	1151	1169	1170	1171	1172	1173	1174	1175	
697	1903.14	1939.0400000000002	2485.51	2529.65	5	1	1110	1112	1155	
698	444.49	674.4991416406272	1141.9223285937521	1269.922328593752	5	0	1176	
699	1586.3	1797.24	2422.62	2704.34	5	0	1161	1168	1177	1178	1179	
700	976.27	1104.44	2041.72	2215.36	5	1	1164	1180	1181	
701	1903.14	2006.74	2529.65	2686.42	5	0	1112	
702	770.16	897.91	959.65	1048.99	5	1	1143	1153	1157	1182	
703	1651.0	1683.96	2422.62	2437.86	5	1	1177	1183	1184	
704	444.49	675.4991416406272	1269.922328593752	1423.9223285937517	5	0	1185	
705	1651.0	1797.24	2189.65	2370.28	5	0	1186	1187	1188	
706	1104.44	1467.6000000000001	2041.72	2215.36	5	0	1073	1075	1078	1079	1080	1081	1189	1190	
707	1831.11	1937.73	1422.89	1488.16	5	0	1191	1192	
708	1574.27	1643.38	2440.91	2520.59	5	1	1162	1178	1179	1193	1194	
709	1652.99	1934.9	1488.15	1756.94	5	0	1195	1196	1197	1198	1199	1200	
710	1653.96	1833.5900000000001	2021.45	2049.9700000000003	5	0	1201	1202	
711	1467.6	1574.27	2049.96	2215.35	5	0	1189	1203	1204	
712	976.27	1081.86	1682.83	1738.86	5	0	1071	
713	675.74	770.16	1113.85	1432.28	5	1	1139	1158	1176	1185	1205	1206	1207	1208	
714	1211.76	1574.28	2440.91	2520.5899999999997	5	1	1145	1163	1194	1209	1210	1211	
715	1652.98	1750.02	1562.16	1756.94	5	1	1196	1212	1213	
716	1653.96	1797.24	2049.96	2189.65	5	0	1201	1214	1215	
717	1467.6	1574.27	1846.07	2049.97	5	0	1082	1216	1217	
718	1067.92	1211.76	2302.98	2355.76	5	1	1132	1218	1219	1220	
719	1835.66	2008.1314403156225	1756.9399999999998	1864.3119453687493	5	1	1197	1221	1222	1223	
720	1651.0	1833.59	1892.15	2021.45	5	0	1224	
721	1081.86	1467.6	1682.83	2041.7199999999998	5	0	1073	1075	1078	1079	1080	1081	1082	1084	1086	
722	995.16	1074.46	1048.99	1181.42	5	1	1149	1225	1226	1227	
723	1083.28	1211.76	2355.75	2520.59	5	1	1087	1089	1146	1211	1220	1228	1229	
724	1934.9	2006.1314403156225	1488.16	1756.3119453687498	5	1	1119	1198	1223	
725	1653.96	1833.5900000000001	1771.44	1892.15	5	1	1221	1230	1231	1232	
726	897.9	1075.31	614.74	955.6	5	0	1117	1154	1233	
727	995.16	1074.46	1181.42	1357.24	5	1	1123	1225	1234	1235	
728	1083.28	1142.5	2520.59	2571.59	5	1	1229	1236	
729	1653.96	1833.2194403156232	1756.3119453687498	1772.38554536875	5	1	1195	1212	1222	1230	1237	
730	1075.31	1181.1299999999999	735.15	955.5999999999999	5	0	1105	1152	1233	
731	995.16	1074.46	1357.24	1466.17	5	1	1122	1235	1238	1239	1240	
732	675.74	769.1163737925147	1432.28	1684.6091839670432	5	1	1207	1241	1242	1243	1244	
733	976.27	1081.86	1820.16	1989.8400000000001	5	1	1115	
734	1290.86	1370.2099999999998	1048.99	1466.17	5	1	1173	1245	1246	1247	1248	1249	
735	584.68	629.64	2533.7	2566.72	5	1	1076	1250	
736	768.14	1000.0677737864112	1432.2800000000002	1682.137530982424	5	1	1126	1130	1240	1241	1251	1252	1253	
737	675.74	1083.28	2355.75	2533.7	5	2	1087	1089	1091	1093	
738	1954.66	2006.74	2370.28	2447.23	5	0	1108	
739	1572.96	1652.98	1048.99	1466.17	5	1	1170	1254	1255	1256	1257	1258	1259	
740	629.65	675.74	2315.1	2566.72	5	1	1091	1093	1250	1260	1261	
741	1000.0677737864112	1572.7067622812838	1466.17	1544.771712958742	5	1	1238	1245	1252	1262	1263	1264	1265	1266	1267	1268	
742	1651.03	1831.11	1054.56	1113.1499999999999	5	0	1256	1269	
743	1797.24	1899.55	2049.96	2209.85	5	0	1100	1214	
744	1894.89	1939.0300000000002	2434.73	2485.51	5	0	1270	
745	670.31	675.7399999999999	2566.72	2571.5899999999997	5	1	
746	1572.7067622812838	1653.5783443125338	1466.17	1546.297591864992	5	1	1200	1257	1264	1271	1272	
747	1652.99	1809.63	1113.15	1268.23	5	0	1255	1269	1273	
748	1809.63	2006.47	1113.15	1199.0900000000001	5	2	1074	1077	
749	1939.04	1954.67	2434.73	2529.65	5	0	1110	1270	1274	
750	995.16	1127.6399999999999	1543.06	1682.83	5	1	1107	1251	1263
751	670.31	1083.28	2533.7	2571.5899999999997	5	1	1121	1129	1236	1260	
752	1652.99	1831.12	1268.23	1488.15	5	0	1254	1271	1273	
753	1181.13	1288.11	673.75	887.96	5	2	1101	
754	1954.66	2006.74	2447.23	2529.65	5	0	1274	
755	976.27	1013.87	1738.85	1756.9399999999998	5	1	1071	1275	
756	1651.03	1831.11	915.5	1054.56	5	0	1171	
757	1385.71	1441.51	704.21	825.8100000000001	5	1	1090	1092	
758	1831.11	2006.4699999999998	1054.56	1113.1499999999999	5	0	1077	
759	976.27	1069.42	1756.94	1820.15	5	1	1115	1118	1275	
760	1460.33	1577.8	747.12	949.78	5	0	1088	1175	
761	1385.71	1460.33	825.81	887.9499999999999	5	2	1095	1276	
762	1831.11	2006.73	673.75	884.89	5	0	1083	
763	675.74	768.14	1682.83	2215.35	5	1	1131	1142	1147	1167	1242	1277	1278	1279	1280	1281	
764	1693.13	1722.1200000000001	673.75	855.44	5	0	1282	
765	1385.71	1460.33	887.95	949.7800000000001	5	2	1097	1276	
766	1831.11	1951.9699999999998	915.5	1054.56	5	0	1085	1283	
767	675.74	768.14	2211.04	2355.75	5	1	1261	1277	1284	1285	
768	1577.8	1693.1299999999999	683.35	855.44	5	0	1282	1286	
769	1831.11	1918.73	1313.49	1383.49	5	2	1070	
770	1951.97	2006.73	884.88	1054.56	5	0	1283	
771	768.14	863.16	2215.35	2355.75	5	1	1166	1284	1287	
772	1918.73	2006.89	1272.29	1422.8899999999999	5	1	1072	1120	1192	1288	
773	1577.8	1679.6399999999999	855.44	915.5	5	0	1286	1289	
774	1797.24	1865.8	2209.86	2302.98	5	2	1102	
775	863.16	1067.92	2215.35	2296.41	5	1	1133	1165	1181	1287	1290	
776	1937.73	2006.89	1422.89	1488.16	5	1	1119	1191	1288	
777	1577.8	1651.03	915.5	949.78	5	0	1169	1289	
778	1467.6	1653.96	1543.06	1846.07	5	1	1084	1086	1113	1199	1213	1217	1232	1237	1262	1272	1291
779	1831.11	1918.73	1383.49	1422.89	5	1	1120	
780	1722.13	1831.1100000000001	673.75	855.44	5	0	1135	
781	1797.24	1865.8	2302.98	2370.28	5	2	1104	
782	1211.76	1364.8	2296.41	2440.8999999999996	5	0	1210	1218	1228	1292	1293	
783	1809.63	1831.1100000000001	1199.09	1268.23	5	1	1294	
784	1074.45	1182.26	1181.42	1466.17	5	1	1234	1239	1268	1295	1296	
785	1127.63	1467.6000000000001	1543.06	1682.83	5	2	1107	1109	1111	1113	847	849
786	1364.79	1574.27	2296.41	2440.8999999999996	5	0	1209	1292	1297	1298	
787	1067.92	1651.0	2215.35	2302.97	5	1	1180	1188	1190	1204	1219	1290	1293	1298	1299	1300	
788	1831.11	1918.73	1199.09	1313.49	5	1	1070	1074	1294	1301	
789	445.19	675.74	1420.98	1579.67	5	0	1208	1244	
790	1182.27	1290.86	1181.42	1466.17	5	1	1247	1267	1295	1302	
791	1075.31	1181.1299999999999	614.74	735.16	5	0	1105	
792	1288.11	1313.7099999999998	673.75	735.16	5	1	1103	
793	1574.27	1653.95	1846.07	2217.05	5	1	1187	1202	1203	1215	1216	1224	1231	1291	1300	
794	1918.73	2006.89	1199.09	1272.29	5	1	1072	1301	
795	445.19	675.74	1579.67	1738.8500000000001	5	0	1243	1281	
796	1370.21	1471.21	1181.42	1466.17	5	0	1246	1266	
797	1460.33	1577.8	683.35	747.13	5	0	1088	
798	1574.27	1651.0	2302.98	2440.91	5	1	1184	1186	1193	1297	1299	1303	
799	445.19	675.74	1738.85	1895.59	5	0	1280	
800	1471.21	1572.96	1181.42	1466.17	5	0	1258	1265	
801	1313.71	1385.71	673.75	887.96	5	1	1090	1092	1094	1095	1103	1304	1305	
802	1651.0	1865.8	2370.28	2422.6200000000003	5	1	1138	1183	1303	
803	1865.8	1982.6799999999998	2209.86	2325.75	5	1	1102	1306	1307	1308	
804	445.19	675.74	1895.59	2049.96	5	0	1279	
805	1370.21	1572.96	1048.99	1181.42	5	0	1172	1248	1259	
806	1288.11	1313.7099999999998	791.95	887.95	5	1	1304	1309	
807	1982.68	2006.74	2217.05	2325.75	5	1	1306	
808	445.19	675.74	2046.96	2211.04	5	0	1278	
809	1069.45	1290.8600000000001	1048.99	1181.42	5	0	1148	1174	1226	1249	1296	1302	
810	1181.13	1385.71	887.95	949.7800000000001	5	1	1097	1099	1101	1305	1309	
811	1865.6	1954.6599999999999	2325.75	2370.28	5	1	1104	1106	1308	
812	445.22	675.74	2211.04	2315.1	5	0	1285	1310	
813	770.16	995.16	1048.99	1181.42	5	1	1125	1150	1156	1182	1206	1227	1311	
814	1797.24	1903.14	2582.78	2704.34	5	0	1114	
815	1385.71	1460.33	673.75	704.21	5	1	1094	1312	
816	1899.55	1982.6799999999998	2162.67	2209.86	5	1	1096	1098	1100	1307	
817	445.22	679.4991416406272	614.74	698.9223285937528	5	0	1159	
818	445.22	629.6500000000001	2315.1	2533.7	5	0	1310	
819	770.16	868.99	1181.42	1432.2800000000002	5	1	1124	1205	1253	1311	
820	526.5	670.31	2566.72	2704.33	5	0	1076	
821	1441.51	1460.33	704.21	825.8100000000001	5	1	1312	
822	1899.55	1941.11	2049.96	2162.67	5	2	1096	
823	444.49	682.4991416406272	698.9223285937528	817.9223285937527	5	0	1160	
824	1869.27	1917.29	2344.12	2443.4	6	1	1355	1356	1357	
825	1805.17	1871.3000000000002	2235.56	2297.12	6	2	1328	
826	1842.8	1942.8	1527.61	1732.4699999999998	6	0	1334	
827	1066.21	1220.4587464125643	1994.81	2190.0796427898845	6	0	1358	
828	1869.27	1906.04	2443.4	2491.5	6	1	1317	1356	
829	1805.17	1871.3000000000002	2150.56	2235.56	6	2	1326	
830	1942.8	1998.8	1645.47	1834.47	6	0	1332	1359	
831	1220.4587464125643	1377.880621412564	1994.81	2190.8608927898845	6	0	1360	
832	1959.89	1998.8000000000002	2297.12	2344.12	6	0	1319	1361	
833	1842.8	1918.77	1329.16	1396.3600000000001	6	2	1337	
834	1842.8	1942.8	1732.47	1834.47	6	0	1359	
835	1377.880621412564	1513.818121412564	1994.81	2189.6890177898845	6	0	1362	
836	1917.29	1998.8	2344.12	2443.4	6	0	1361	1363	
837	1433.45	1483.8400000000001	771.72	883.13	6	1	1313	1354	
838	1842.8	1936.22	1430.76	1491.47	6	0	1336	
839	1512.09	1604.382086256314	1994.81	2190.2383341961345	6	0	1364	1365	
840	1906.04	2000.44	2443.4	2587.6400000000003	6	0	1363	
841	1433.45	1503.1200000000001	883.13	939.31	6	2	1314	
842	1918.77	1998.8	1293.44	1430.76	6	1	1339	1340	1366	
843	1512.09	1604.382086256314	1710.28	1994.1628947430097	6	0	1367	1368	
844	698.17	774.52	2443.64	2477.5	6	1	1341	1369	1370	1371	1372	
845	1433.45	1503.1200000000001	939.31	997.7099999999999	6	2	1315	
846	1936.22	1998.8	1430.76	1491.47	6	1	1335	1336	1366	
847	1150.33	1449.7488264830592	2477.5	2601.702815549894	6	0	1373	1374	1375	
848	642.84	698.1700000000001	2443.64	2477.5	6	1	1371	1376	
849	1842.8	1998.8	1225.26	1293.44	6	1	1340	1342	1377	
850	1704.875779608059	1869.27	2355.76	2489.398128049894	6	0	1378	1379	1380	1381	1382	1383	1384	
851	1842.8	1918.77	1293.44	1329.16	6	1	1337	1377	
852	1703.655076483059	1809.48	2489.398128049894	2600.482112424894	6	0	1379	1385	
853	1708.82	1942.8	1491.61	1526.4699999999998	6	1	1338	1386	
854	1842.8	1918.77	1395.8	1430.76	6	1	1339	
855	1449.7488264830592	1604.7029280455597	2477.5	2600.6637530498947	6	0	1387	
856	735.74	1049.59	1182.43	1327.51	6	0	1388	1389	1390	
857	1942.8	1998.8	1491.47	1597.47	6	1	1334	1335	1386	1391	
858	1339.41	1366.3200000000002	744.44	798.9100000000001	6	1	1325	
859	1866.37	1938.8799999999999	945.94	963.5400000000001	6	1	1347	1350	1392	
860	1604.382086256314	1705.4109358580595	2477.5	2599.4430499248947	6	0	1381	1385	1393	
861	739.32	1042.78	1327.51	1489.77	6	0	1389	1394	1395	1396	1397	1398	1399	1400	1401	1402	1403	
862	1942.8	1998.8	1597.47	1645.47	6	1	1332	1391	
863	1842.8	1998.8	1095.47	1146.76	6	0	1343	
864	1674.57	2000.334718206692	1834.47	1965.4117541485286	6	0	1404	1405	
865	673.1	776.68	945.46	1431.23	6	1	1390	1406	1407	1408	1409	1410	1411	1412	1413	1414	1415	1416	1417	1418	1419	
866	1607.53	1715.6399999999999	754.04	811.04	6	0	1420	
867	1366.32	1433.4499999999998	744.44	939.3100000000001	6	1	1313	1314	1325	1353	1354	1421	1422	
868	1674.57	1856.70243976431	1965.4117541485286	2004.8159747295836	6	0	1404	1423	1424	
869	709.98	972.52	900.67	980.13	6	1	1412	1425	1426	1427	1428	1429	1430	1431	1432	
870	1715.64	1866.3700000000001	744.44	811.0400000000001	6	0	1420	1433	
871	1340.72	1366.32	853.71	939.3100000000001	6	1	1422	1434	
872	735.74	1049.5900000000001	1090.61	1182.4299999999998	6	0	1411	1435	1436	
873	1674.57	1804.45634601431	2004.8159747295836	2151.788630979583	6	0	1423	1437	1438	
874	957.34	1169.72	900.67	1182.43	6	1	1425	1435	1439	1440	1441	1442	1443	1444	1445	1446	1447	1448	
875	1866.37	2000.4399999999998	744.44	945.94	6	0	1347	1433	1449	
876	1272.72	1433.45	939.31	997.7099999999999	6	1	1315	1316	1318	1421	1434	
877	735.74	1049.59	961.81	1090.61	6	1	1406	1407	1408	1409	1410	1427	1428	1429	1430	1431	1436	1445	1446	1447	1448	
878	1674.57	1805.9211897643097	2151.788630979583	2309.876130979583	6	0	1437	1450	1451	1452	1453	
879	690.38	861.68	1410.77	1605.31	6	1	1401	1402	1403	1413	1454	1455	1456	1457	
880	1938.88	2000.44	945.94	963.5400000000001	6	0	1449	1458	
881	1433.45	1503.1200000000001	744.44	771.72	6	1	1353	1459	
882	1674.57	1843.7731505187044	1710.28	1835.8354090862724	6	0	1460	
883	817.74	861.68	1605.31	1732.47	6	1	1455	1461	1462	1463	1464	
884	1135.77	1253.5	1459.41	1534.66	6	1	1465	1466	1467	1468	1469	
885	1866.68	1998.8000000000002	963.54	1095.47	6	0	1350	1458	
886	1483.84	1503.12	771.72	883.13	6	1	1459	
887	1675.6481505187044	1842.8	1526.7729090862726	1710.28	6	0	1470	1471	
888	795.86	901.72	1732.03	1862.59	6	1	1462	1472	1473	1474	1475	1476	
889	1252.84	1531.74	1438.8	1534.66	6	1	1465	1477	1478	1479	1480	1481	1482	1483	1484	
890	1503.12	1535.6399999999999	744.44	754.0400000000001	6	0	1485	
891	1152.36	1246.84	798.91	939.31	6	0	1320	1486	
892	1452.94	1602.889170721341	2256.86	2406.2235354595628	6	0	1487	1488	1489	1490	1491	
893	1697.8	1842.8	1308.47	1491.47	6	0	1492	
894	861.68	946.93	1481.02	1771.45	6	1	1399	1400	1454	1461	1474	1493	1494	
895	1152.36	1272.72	997.71	1076.71	6	1	1441	1495	1496	1497	
896	1503.12	1607.53	754.04	811.04	6	0	1352	1485	
897	1152.36	1272.7199999999998	939.31	997.7099999999999	6	0	1486	1497	
898	1299.77	1453.9633894713413	2256.86	2406.2235354595628	6	0	1498	1499	1500	
899	1697.8	1842.8	1131.47	1308.47	6	0	1501	
900	1042.78	1128.45	1165.94	1377.72	6	1	1388	1442	1502	1503	1504	1505	
901	1252.84	1452.94	997.71	1119.34	6	1	1316	1496	1506	1507	1508	1509	1510	1511	1512	1513	
902	1145.96	1246.8400000000001	690.84	798.9100000000001	6	0	1320	1322	
903	1058.24	1090.49	1715.26	1795.6399999999999	6	1	1324	1329	1514	
904	776.68	963.92	2489.0	2601.24	6	0	1515	1516	
905	789.3	1066.21	1998.91	2295.89	6	1	1517	1518	1519	1520	1521	1522	1523	1524	1525	1526	1527	1528	
906	985.43	1113.77	1327.51	1464.52	6	1	1395	1396	1397	1398	1505	1529	1530	1531	
907	1355.35	1426.94	1119.34	1226.94	6	1	1511	1532	1533	1534	1535	1536	
908	1058.24	1157.05	1646.95	1715.26	6	0	1324	
909	1090.49	1143.23	1732.47	1795.64	6	1	1327	1514	
910	1066.21	1604.8354285510075	2186.87	2226.5110952072596	6	1	1358	1360	1362	1365	1517	1537	1538	1539	1540	
911	972.52	1152.36	690.84	997.71	6	0	1322	1443	1444	
912	940.77	1150.33	1460.41	1715.26	6	1	1344	1346	1394	1469	1493	1531	1541	
913	1355.66	1419.6	1218.8	1293.44	6	1	1532	1542	1543	1544	
914	642.84	774.52	2477.5	2601.24	6	0	1341	
915	1904.37	1973.4899999999998	2004.64	2101.92	6	1	1330	
916	774.52	1150.33	2445.21	2491.5	6	1	1369	1375	1516	1545	1546	
917	1154.1257386000643	1300.880350426008	2226.5110952072596	2446.848009269759	6	1	1500	1539	1547	1548	1549	1550	
918	776.68	972.52	690.84	900.6700000000001	6	0	1426	1551	
919	1118.25	1252.84	1070.44	1293.44	6	0	1439	1440	1495	1503	1504	
920	789.3	865.89	1862.59	2006.11	6	1	1475	1526	1552	1553	1554	1555	
921	1366.32	1491.94	1293.14	1460.41	6	1	1484	1542	1556	1557	1558	1559	1560	1561	1562	
922	1809.48	1904.3700000000001	2490.59	2601.2400000000002	6	0	1317	
923	1904.37	1973.4899999999998	2101.92	2153.39	6	1	1330	1333	1563	1564	
924	573.24	752.56	2304.77	2443.4	6	0	1372	1376	1565	1566	
925	1150.1235144885081	1704.875779608059	2443.796251457259	2477.5	6	1	1373	1384	1387	1393	1545	1549	1567	
926	573.24	776.68	690.84	997.71	6	0	1419	1432	1551	
927	1252.84	1366.32	1070.75	1293.44	6	0	1506	1507	1508	1509	1510	1533	1534	1543	
928	1452.94	1506.14	996.81	1087.0	6	1	1513	1568	1569	1570	
929	1805.17	1904.3700000000001	2004.64	2150.56	6	2	1333	
930	1871.3	1951.9099999999999	2150.56	2297.12	6	1	1321	1326	1328	1564	1571	
931	573.24	752.56	2153.15	2304.77	6	0	1566	1572	1573	
932	1299.77	1706.2051551135078	2406.2235354595628	2443.72007958226	6	1	1383	1491	1499	1548	1567	1574	
933	573.24	682.06	997.71	1141.31	6	0	1417	1418	
934	1102.27	1252.84	1293.44	1472.91	6	1	1466	1467	1468	1502	1529	1530	1541	
935	1503.12	1568.56	1005.82	1065.04	6	1	1570	1575	1576	1577	
936	1150.33	1512.09	1534.66	1645.47	6	2	1344	1346	1348	1351	1109	1111
937	1951.91	1973.49	2153.39	2178.54	6	1	1563	1571	1578	
938	752.56	789.3	2150.56	2290.35	6	1	1527	1572	1579	1580	
939	1602.889170721341	1701.536405113508	2309.3	2355.5575795822597	6	1	1453	1489	1581	1582	1583	
940	573.24	673.1	1141.31	1284.67	6	0	1416	
941	1252.84	1401.27	1293.44	1484.91	6	0	1478	1479	1480	1481	1482	1556	1557	1558	
942	1527.64	1697.8	1005.82	1164.9	6	1	1575	1584	1585	1586	1587	1588	1589	1590	1591	
943	779.98	1152.63	2295.89	2445.21	6	2	1345	1349	
944	1973.49	1998.8	2157.25	2178.54	6	1	1323	1578	
945	752.56	779.9799999999999	2290.35	2445.21	6	1	1345	1349	1370	1565	1573	1580	
946	1602.889170721341	1705.9364051135078	2355.5575795822597	2406.15757958226	6	1	1382	1488	1574	1583	
947	573.24	690.38	1284.67	1431.23	6	0	1414	1415	
948	1407.94	1527.64	1064.4	1293.44	6	0	1512	1535	1536	1544	1568	1569	1576	
949	1634.59	1697.8	1131.47	1308.47	6	1	1501	1584	1592	1593	1594	1595	
950	1300.880350426008	1603.9645301135076	2226.5110952072596	2258.1075795822594	6	1	1490	1498	1538	1547	1596	
951	572.62	817.74	1431.23	1605.31	6	0	1456	1457	
952	1419.6	1650.52	1293.44	1465.0	6	0	1483	1559	1560	1561	1562	1597	1598	1599	1600	1601	1602	1603	1604	
953	1512.09	1709.28	1293.44	1534.23	6	1	1338	1471	1477	1492	1595	1597	1598	1599	1600	1601	1602	1603	1604	1605	1606	
954	963.92	1150.33	2490.59	2601.2400000000002	6	0	1374	1515	1546	
955	1602.889170721341	1677.9012976916322	1710.28	2309.7850698166344	6	1	1364	1367	1405	1424	1438	1452	1460	1487	1537	1582	1596	1607	
956	572.62	827.26	1605.31	1732.03	6	0	1463	1464	1608	
957	1527.64	1650.52	1065.04	1293.44	6	0	1589	1590	1591	1592	1593	1594	
958	1951.91	1998.8000000000002	2178.54	2256.86	6	1	1323	
959	1512.09	1675.022393348981	1527.61	1710.0574392014005	6	1	1348	1351	1368	1470	1605	1606	1607	
960	573.24	822.46	1732.03	1862.59	6	0	1476	1608	1609	
961	855.62	1066.21	1862.59	2006.11	6	0	1331	1552	1553	1554	
962	1951.91	1998.8000000000002	2256.86	2297.1200000000003	6	1	1319	
963	1503.1200000000001	1569.415110308598	811.04	1006.3918930468795	6	0	1352	1577	
964	573.24	795.86	1862.59	1998.91	6	0	1555	1609	1610	
965	865.89	1058.24	1715.26	1862.59	6	0	1329	1472	1473	1494	
966	1701.0	1805.17	2309.3	2355.76	6	1	1380	1451	1581	1611	
967	1842.8	1998.8	1146.76	1225.26	6	2	1342	1343	
968	1058.24	1157.05	1948.22	1994.81	6	1	1331	
969	1568.56	1866.37	811.04	1131.47	6	0	1392	1585	1586	1587	1588	
970	573.24	789.3	1998.91	2153.15	6	0	1528	1579	1610	
971	1805.17	1869.27	2297.12	2356.5	6	1	1357	1378	1450	1611	1612	
972	1246.84	1340.72	744.44	939.3100000000001	6	2	1318	
973	855.62	1066.21	2006.11	2188.47002364926	6	0	1520	1521	1522	1523	1524	1525	
974	1869.27	1959.8899999999999	2297.12	2344.12	6	1	1321	1355	1612	
975	1058.24	1157.05	1795.64	1948.22	6	1	1327	
976	906.43	1154.1257386000643	2224.87	2295.2065959148845	6	0	1518	1519	1540	1550	
