-1225	
-1224	744	
-1223	75	
-1222	141	
-1221	178	
-1220	
-1219	
-1218	
-1217	
-1216	457	488	506	
-1215	863	
-1214	797	
-1213	148	153	
-1212	
-1211	
-1210	780	
-1209	35	
-1208	
-1207	571	590	632	
-1206	
-1205	
-1204	
-1203	174	
-1202	
-1201	
-1200	296	313	331	
-1199	27	
-1198	509	
-1197	500	
-1196	259	270	
-1195	
-1194	
-1193	
-1192	278	300	
-1191	
-1190	
-1189	36	93	
-1188	
-1187	392	470	
-1186	
-1185	
-1184	
-1183	254	307	308	318	
-1182	
-1181	
-1180	281	291	
-1179	
-1178	
-1177	
-1176	196	
-1175	
-1174	
-1173	
-1172	
-1171	80	
-1170	
-1169	678	
-1168	87	
-1167	286	287	290	
-1166	
-1165	
-1164	
-1163	
-1162	21	
-1161	970	
-1160	
-1159	
-1158	
-1157	
-1156	
-1155	473	
-1154	
-1153	
-1152	
-1151	233	
-1150	122	
-1149	
-1148	
-1147	
-1146	
-1145	
-1144	
-1143	321	
-1142	
-1141	
-1140	
-1139	
-1138	
-1137	
-1136	
-1135	
-1134	
-1133	
-1132	
-1131	216	
-1130	
-1129	
-1128	
-1127	
-1126	
-1125	
-1124	
-1123	
-1122	240	
-1121	
-1120	
-1119	144	
-1118	
-1117	
-1116	
-1115	
-1114	
-1113	432	494	
-1112	19	
-1111	
-1110	
-1109	443	466	504	
-1108	265	
-1107	
-1106	
-1105	664	
-1104	
-1103	43	
-1102	
-1101	
-1100	53	66	
-1099	
-1098	
-1097	699	818	
-1096	320	
-1095	
-1094	
-1093	
-1092	
-1091	
-1090	128	219	
-1089	266	
-1088	
-1087	
-1086	461	
-1085	
-1084	
-1083	
-1082	
-1081	
-1080	
-1079	
-1078	
-1077	23	
-1076	238	271	282	
-1075	
-1074	
-1073	125	
-1072	
-1071	
-1070	
-1069	
-1068	
-1067	513	
-1066	
-1065	
-1064	
-1063	428	487	
-1062	
-1061	
-1060	820	
-1059	
-1058	
-1057	
-1056	
-1055	
-1054	
-1053	
-1052	
-1051	261	304	
-1050	
-1049	
-1048	
-1047	381	
-1046	
-1045	
-1044	
-1043	
-1042	
-1041	
-1040	165	
-1039	
-1038	312	
-1037	503	
-1036	476	490	
-1035	
-1034	
-1033	140	
-1032	462	
-1031	
-1030	161	
-1029	
-1028	
-1027	
-1026	
-1025	138	
-1024	
-1023	
-1022	
-1021	131	149	
-1020	505	
-1019	380	472	
-1018	
-1017	
-1016	
-1015	
-1014	495	
-1013	
-1012	264	301	316	322	
-1011	158	
-1010	
-1009	
-1008	
-1007	
-1006	
-1005	
-1004	
-1003	245	341	
-1002	150	
-1001	
-1000	276	
-999	277	288	315	
-998	283	
-997	
-996	
-995	
-994	
-993	74	
-992	
-991	
-990	401	
-989	50	
-988	26	
-987	
-986	
-985	
-984	421	499	
-983	471	517	
-982	31	
-981	
-980	406	439	
-979	106	
-978	
-977	
-976	
-975	
-974	
-973	
-972	
-971	
-970	
-969	
-968	389	520	
-967	
-966	
-965	157	164	192	
-964	
-963	
-962	387	397	
-961	747	
-960	493	512	
-959	249	253	329	360	
-958	758	
-957	454	
-956	
-955	485	
-954	
-953	
-952	
-951	117	
-950	
-949	400	
-948	33	68	
-947	501	
-946	58	
-945	
-944	132	
-943	228	
-942	
-941	
-940	
-939	
-938	
-937	
-936	
-935	
-934	
-933	
-932	683	
-931	
-930	350	353	
-929	
-928	
-927	804	
-926	337	367	
-925	
-924	
-923	186	221	
-922	
-921	
-920	168	200	
-919	
-918	55	
-917	124	
-916	
-915	
-914	142	
-913	
-912	41	
-911	
-910	
-909	
-908	187	
-907	716	
-906	749	
-905	
-904	
-903	
-902	
-901	15	
-900	127	133	
-899	
-898	
-897	
-896	46	
-895	
-894	
-893	
-892	645	
-891	
-890	
-889	
-888	
-887	57	96	
-886	570	579	644	
-885	548	556	559	607	626	661	
-884	
-883	
-882	
-881	
-880	
-879	
-878	
-877	
-876	129	
-875	
-874	396	478	489	
-873	
-872	160	
-871	
-870	328	347	
-869	295	356	
-868	309	
-867	
-866	
-865	
-864	
-863	
-862	
-861	
-860	306	
-859	
-858	437	463	
-857	
-856	
-855	326	
-854	
-853	
-852	
-851	8	
-850	
-849	423	
-848	244	311	
-847	
-846	
-845	
-844	111	
-843	25	98	
-842	704	
-841	
-840	32	
-839	371	
-838	
-837	
-836	4	63	
-835	817	
-834	
-833	
-832	
-831	47	
-830	
-829	137	
-828	
-827	
-826	
-825	
-824	
-823	706	
-822	
-821	
-820	
-819	
-818	363	
-817	
-816	377	384	450	
-815	
-814	146	
-813	
-812	
-811	
-810	449	
-809	
-808	234	255	325	
-807	
-806	
-805	
-804	496	
-803	
-802	
-801	154	
-800	479	
-799	514	
-798	
-797	112	
-796	
-795	
-794	
-793	324	
-792	
-791	
-790	
-789	445	458	465	516	
-788	
-787	
-786	
-785	
-784	
-783	686	
-782	171	175	
-781	
-780	
-779	413	
-778	
-777	
-776	
-775	
-774	
-773	508	
-772	483	
-771	
-770	
-769	812	
-768	
-767	37	40	
-766	
-765	
-764	
-763	
-762	378	482	
-761	
-760	
-759	
-758	292	297	317	
-757	
-756	
-755	
-754	
-753	
-752	
-751	
-750	
-749	636	
-748	709	
-747	
-746	599	
-745	
-744	
-743	
-742	
-741	852	
-740	
-739	639	
-738	561	
-737	
-736	
-735	762	
-734	
-733	
-732	681	
-731	
-730	
-729	
-728	
-727	
-726	
-725	
-724	
-723	
-722	973	
-721	
-720	
-719	84	
-718	
-717	866	
-716	878	
-715	
-714	
-713	
-712	
-711	
-710	
-709	
-708	669	
-707	
-706	898	
-705	
-704	
-703	51	
-702	826	
-701	
-700	
-699	101	
-698	
-697	
-696	
-695	
-694	
-693	
-692	
-691	345	
-690	
-689	961	
-688	
-687	933	
-686	
-685	
-684	
-683	
-682	902	
-681	
-680	
-679	
-678	
-677	
-676	
-675	675	
-674	
-673	534	
-672	682	
-671	
-670	
-669	
-668	
-667	963	
-666	
-665	523	
-664	
-663	
-662	
-661	
-660	
-659	
-658	
-657	
-656	
-655	873	
-654	537	
-653	
-652	
-651	
-650	760	
-649	467	
-648	
-647	
-646	
-645	
-644	
-643	
-642	
-641	
-640	
-639	
-638	890	
-637	
-636	830	
-635	
-634	
-633	
-632	
-631	
-630	
-629	
-628	660	
-627	
-626	
-625	
-624	
-623	721	
-622	
-621	956	
-620	529	
-619	
-618	
-617	
-616	
-615	
-614	
-613	
-612	
-611	
-610	
-609	
-608	926	
-607	
-606	
-605	688	
-604	694	796	
-603	13	113	
-602	
-601	
-600	
-599	654	
-598	
-597	919	
-596	756	
-595	
-594	
-593	
-592	
-591	
-590	
-589	786	
-588	
-587	
-586	
-585	
-584	
-583	
-582	
-581	676	
-580	
-579	
-578	
-577	870	948	
-576	914	
-575	
-574	
-573	
-572	677	
-571	
-570	880	
-569	
-568	
-567	
-566	
-565	
-564	
-563	
-562	134	
-561	116	
-560	
-559	
-558	964	
-557	864	
-556	
-555	
-554	673	742	
-553	
-552	
-551	
-550	
-549	587	
-548	799	
-547	528	557	620	
-546	425	
-545	
-544	
-543	
-542	
-541	
-540	707	
-539	795	
-538	
-537	
-536	
-535	182	
-534	
-533	
-532	
-531	
-530	
-529	
-528	385	
-527	
-526	
-525	
-524	
-523	
-522	
-521	
-520	
-519	
-518	
-517	
-516	843	
-515	
-514	
-513	899	
-512	752	
-511	
-510	
-509	
-508	
-507	671	
-506	832	
-505	135	
-504	892	
-503	
-502	
-501	
-500	
-499	
-498	
-497	
-496	
-495	
-494	
-493	
-492	
-491	
-490	861	
-489	
-488	
-487	
-486	
-485	
-484	
-483	
-482	
-481	834	
-480	
-479	
-478	
-477	823	
-476	
-475	
-474	
-473	
-472	
-471	260	333	335	
-470	868	
-469	720	
-468	
-467	533	638	
-466	
-465	896	
-464	612	642	
-463	
-462	
-461	375	407	
-460	
-459	
-458	951	
-457	
-456	655	
-455	191	
-454	97	
-453	
-452	
-451	
-450	
-449	
-448	477	
-447	
-446	
-445	
-444	
-443	
-442	
-441	
-440	
-439	
-438	
-437	
-436	67	90	
-435	
-434	
-433	
-432	
-431	
-430	62	
-429	
-428	
-427	809	
-426	743	
-425	
-424	836	
-423	
-422	891	
-421	
-420	
-419	
-418	
-417	766	
-416	
-415	808	
-414	
-413	
-412	689	
-411	
-410	
-409	
-408	827	
-407	
-406	
-405	666	
-404	
-403	525	542	546	621	
-402	701	
-401	670	
-400	107	
-399	
-398	
-397	885	
-396	
-395	
-394	
-393	589	
-392	272	302	
-391	
-390	860	957	
-389	952	969	
-388	
-387	931	
-386	
-385	
-384	
-383	
-382	
-381	
-380	
-379	
-378	
-377	
-376	
-375	814	
-374	
-373	
-372	665	
-371	
-370	
-369	
-368	
-367	
-366	
-365	
-364	
-363	
-362	
-361	
-360	
-359	
-358	
-357	
-356	
-355	940	
-354	
-353	
-352	
-351	
-350	712	
-349	
-348	
-347	
-346	911	
-345	
-344	687	
-343	
-342	726	
-341	782	
-340	230	
-339	
-338	
-337	549	611	
-336	
-335	
-334	
-333	
-332	908	
-331	48	
-330	
-329	893	
-328	
-327	
-326	
-325	
-324	
-323	
-322	
-321	
-320	
-319	
-318	
-317	711	
-316	838	941	
-315	179	
-314	
-313	
-312	
-311	
-310	
-309	800	
-308	
-307	
-306	789	
-305	
-304	
-303	
-302	
-301	
-300	
-299	
-298	
-297	558	584	
-296	839	
-295	730	
-294	
-293	
-292	773	
-291	
-290	924	
-289	
-288	
-287	
-286	
-285	
-284	717	
-283	
-282	
-281	
-280	
-279	
-278	
-277	574	606	
-276	698	
-275	
-274	
-273	
-272	
-271	
-270	
-269	
-268	
-267	
-266	
-265	
-264	625	
-263	
-262	
-261	
-260	
-259	
-258	
-257	693	
-256	
-255	
-254	
-253	
-252	
-251	659	
-250	
-249	
-248	656	662	
-247	532	
-246	
-245	79	
-244	
-243	
-242	54	
-241	
-240	510	
-239	
-238	649	
-237	630	
-236	
-235	
-234	
-233	
-232	
-231	
-230	
-229	
-228	
-227	
-226	3	
-225	
-224	918	
-223	
-222	
-221	
-220	764	
-219	603	
-218	
-217	
-216	
-215	
-214	
-213	
-212	
-211	835	840	
-210	
-209	
-208	
-207	434	
-206	
-205	
-204	
-203	
-202	855	
-201	954	
-200	
-199	648	
-198	
-197	
-196	
-195	
-194	
-193	
-192	
-191	
-190	
-189	
-188	
-187	777	
-186	
-185	
-184	
-183	
-182	
-181	554	
-180	
-179	770	
-178	
-177	847	
-176	
-175	99	
-174	633	
-173	
-172	
-171	
-170	
-169	
-168	393	
-167	
-166	
-165	
-164	527	637	
-163	882	
-162	
-161	70	
-160	
-159	
-158	
-157	
-156	
-155	
-154	553	631	
-153	
-152	
-151	
-150	
-149	59	
-148	
-147	540	
-146	872	
-145	754	
-144	710	
-143	
-142	965	
-141	
-140	
-139	
-138	543	650	
-137	
-136	
-135	887	
-134	
-133	566	575	667	
-132	
-131	927	
-130	541	
-129	
-128	947	
-127	
-126	
-125	679	
-124	897	
-123	71	123	
-122	
-121	
-120	102	
-119	
-118	108	
-117	
-116	
-115	419	
-114	875	
-113	831	
-112	
-111	791	
-110	
-109	
-108	563	
-107	
-106	
-105	
-104	
-103	521	
-102	
-101	
-100	805	
-99	
-98	
-97	
-96	
-95	544	
-94	
-93	
-92	
-91	
-90	738	
-89	904	
-88	
-87	
-86	
-85	
-84	
-83	497	
-82	627	
-81	552	
-80	
-79	850	
-78	
-77	
-76	705	
-75	
-74	856	
-73	
-72	
-71	
-70	
-69	
-68	
-67	
-66	374	388	
-65	
-64	
-63	
-62	
-61	
-60	
-59	768	
-58	
-57	
-56	
-55	
-54	976	
-53	
-52	619	
-51	
-50	
-49	
-48	
-47	
-46	
-45	
-44	
-43	
-42	
-41	
-40	9	
-39	
-38	695	
-37	
-36	
-35	594	
-34	
-33	
-32	
-31	
-30	
-29	
-28	562	
-27	
-26	
-25	604	
-24	484	
-23	
-22	922	
-21	
-20	
-19	
-18	
-17	
-16	
-15	524	535	
-14	
-13	615	
-12	
-11	
-10	
-9	
-8	643	
-7	580	
-6	
-5	
-4	960	
-3	
-2	
-1	
