1	
2	861	870	948	
3	
4	
5	
6	127	128	133	171	175	216	234	255	286	290	295	324	325	356	363	461	473	493	
7	
8	
9	
10	
11	
12	
13	
14	
15	
16	144	168	200	245	261	304	380	437	463	473	500	508	749	
17	
18	
19	313	389	400	
20	144	265	432	461	473	494	500	970	
21	389	432	473	493	494	520	970	
22	320	
23	295	356	832	
24	
25	148	153	174	178	191	320	970	
26	265	432	437	463	494	
27	744	
28	744	
29	27	51	67	70	75	90	101	102	619	726	
30	75	
31	141	
32	141	
33	113	
34	141	
35	141	260	333	335	808	
36	141	
37	141	389	520	
38	178	
39	
40	125	144	265	292	297	317	820	
41	178	
42	178	
43	178	
44	128	142	144	146	238	244	271	282	296	311	313	321	331	389	500	501	503	683	
45	182	666	675	730	
46	137	165	
47	
48	
49	
50	
51	
52	
53	
54	
55	
56	233	
57	19	
58	37	40	80	
59	144	
60	
61	
62	
63	
64	
65	146	
66	
67	
68	
69	
70	
71	
72	
73	457	488	506	
74	146	457	488	503	
75	457	488	506	
76	457	488	
77	230	
78	144	797	
79	328	347	
80	153	
81	150	153	
82	148	153	160	187	264	316	
83	148	153	
84	153	
85	148	153	
86	148	153	
87	148	153	260	283	333	335	808	
88	
89	
90	
91	283	
92	46	
93	
94	40	245	341	
95	
96	
97	
98	
99	
100	
101	
102	497	
103	
104	
105	392	470	
106	
107	
108	780	
109	780	
110	780	
111	780	
112	
113	
114	780	
115	780	
116	
117	35	
118	35	50	
119	35	112	140	752	
120	35	
121	35	
122	571	590	
123	563	571	590	
124	632	
125	571	590	632	
126	571	590	632	
127	632	
128	
129	694	796	
130	
131	
132	
133	
134	
135	13	113	720	
136	
137	
138	678	
139	
140	
141	
142	
143	528	557	
144	31	125	132	137	142	187	271	282	292	297	317	495	
145	125	187	278	292	295	297	312	313	326	328	331	356	508	
146	749	
147	
148	62	150	521	540	544	552	615	633	682	687	705	756	768	834	919	973	
149	
150	174	
151	174	510	
152	9	791	796	897	
153	
154	
155	
156	659	
157	580	656	662	738	832	885	
158	413	
159	
160	
161	843	864	963	
162	
163	
164	
165	
166	
167	
168	128	219	238	282	286	290	296	300	312	313	321	324	326	331	
169	265	296	313	331	
170	296	313	
171	313	
172	296	313	331	
173	
174	
175	27	
176	
177	500	
178	500	
179	500	
180	
181	500	
182	500	
183	500	
184	41	112	150	168	200	292	297	401	476	490	500	
185	270	
186	70	97	134	
187	
188	
189	
190	23	
191	
192	
193	406	439	699	818	
194	
195	
196	695	
197	
198	
199	
200	
201	37	749	
202	
203	
204	
205	
206	
207	
208	300	
209	292	297	300	317	
210	278	
211	278	
212	278	300	
213	
214	
215	726	
216	
217	
218	
219	93	116	791	
220	9	32	93	
221	93	
222	36	93	
223	36	93	
224	36	93	
225	154	699	818	
226	392	470	
227	392	470	473	
228	
229	
230	238	271	282	
231	
232	
233	
234	
235	
236	
237	144	
238	254	306	307	308	318	
239	307	308	
240	
241	
242	312	
243	
244	
245	749	
246	
247	277	288	699	
248	
249	
250	
251	281	291	
252	381	
253	671	856	
254	
255	
256	
257	
258	
259	
260	
261	
262	
263	
264	
265	
266	128	219	
267	
268	
269	
270	265	320	
271	
272	62	196	393	521	540	633	643	659	670	
273	
274	
275	196	
276	245	341	
277	158	187	238	249	253	276	282	317	360	
278	
279	
280	
281	129	
282	
283	
284	
285	
286	265	350	353	432	494	
287	50	
288	
289	
290	
291	
292	
293	
294	
295	686	747	
296	80	
297	80	
298	
299	146	260	333	335	
300	276	
301	
302	
303	244	
304	216	380	432	472	473	970	
305	
306	
307	678	
308	
309	678	
310	
311	
312	678	
313	678	
314	
315	286	290	
316	286	287	290	
317	144	244	261	266	286	287	290	304	328	347	461	
318	286	290	
319	286	287	290	
320	286	
321	287	
322	
323	
324	
325	
326	
327	
328	413	860	
329	
330	659	
331	
332	
333	
334	
335	146	238	271	282	
336	
337	128	219	234	325	
338	
339	21	277	288	315	770	908	
340	970	
341	970	
342	265	432	473	494	970	
343	432	473	970	
344	970	
345	406	434	
346	31	146	380	472	
347	
348	
349	
350	482	
351	
352	146	
353	146	
354	
355	
356	
357	
358	
359	
360	26	479	782	839	
361	
362	
363	
364	
365	
366	
367	
368	473	
369	473	
370	473	
371	473	
372	473	
373	473	
374	
375	
376	309	371	423	466	504	
377	
378	
379	124	
380	111	
381	377	384	401	450	476	513	
382	
383	
384	122	
385	122	
386	
387	
388	
389	911	
390	137	283	363	
391	
392	
393	466	
394	
395	
396	
397	
398	
399	
400	
401	
402	140	
403	265	312	
404	
405	527	637	
406	
407	26	766	799	800	823	
408	
409	764	882	956	
410	
411	
412	
413	
414	321	
415	261	461	
416	432	
417	321	443	466	504	
418	
419	
420	381	505	
421	
422	
423	
424	
425	
426	228	265	
427	
428	
429	
430	
431	
432	
433	
434	413	432	463	490	513	
435	157	164	
436	
437	461	
438	
439	
440	
441	
442	128	219	443	465	466	504	516	
443	261	304	
444	154	
445	
446	
447	
448	
449	
450	
451	
452	
453	
454	
455	
456	216	
457	216	
458	
459	
460	
461	
462	
463	
464	
465	
466	
467	
468	
469	
470	
471	
472	
473	
474	
475	266	
476	
477	
478	
479	
480	158	
481	
482	
483	
484	
485	129	
486	
487	
488	144	
489	144	
490	
491	128	144	476	
492	144	
493	
494	
495	
496	
497	
498	
499	432	493	494	495	817	
500	384	675	705	896	
501	
502	432	
503	432	494	
504	142	265	304	432	461	463	494	
505	19	146	749	
506	19	
507	19	
508	
509	
510	
511	
512	466	504	
513	443	
514	443	466	504	
515	111	261	304	443	466	495	504	
516	265	
517	265	445	458	465	
518	125	265	
519	265	
520	265	
521	
522	
523	
524	
525	
526	43	
527	
528	
529	
530	
531	
532	
533	
534	53	66	
535	228	
536	699	
537	699	
538	127	589	699	812	818	
539	277	288	315	699	818	
540	699	818	
541	260	320	335	808	
542	
543	320	
544	320	471	517	
545	230	320	419	484	510	
546	396	397	406	421	439	471	478	489	499	517	604	
547	320	
548	320	
549	
550	
551	
552	428	487	
553	
554	260	333	335	471	517	
555	706	
556	
557	
558	
559	
560	
561	
562	
563	128	219	
564	128	219	244	
565	
566	266	
567	
568	
569	
570	
571	
572	
573	
574	461	
575	
576	
577	
578	
579	
580	
581	
582	
583	
584	645	
585	
586	
587	
588	
589	
590	
591	
592	
593	
594	
595	
596	
597	
598	
599	
600	74	716	
601	
602	
603	
604	23	
605	23	
606	23	
607	
608	23	
609	23	
610	
611	
612	23	
613	23	
614	238	282	
615	238	271	282	
616	
617	
618	
619	32	413	
620	
621	
622	
623	
624	
625	
626	312	
627	
628	
629	
630	132	
631	
632	
633	
634	
635	
636	
637	
638	
639	
640	
641	58	882	956	
642	513	
643	513	
644	413	421	499	513	
645	513	
646	
647	324	400	
648	513	
649	
650	
651	508	
652	
653	378	482	
654	
655	686	
656	264	316	322	
657	437	463	
658	
659	
660	
661	
662	
663	
664	
665	
666	
667	428	
668	46	428	487	
669	428	476	487	
670	
671	158	389	400	520	820	
672	
673	820	
674	157	164	192	
675	820	
676	
677	
678	
679	
680	
681	
682	
683	
684	
685	
686	
687	
688	
689	
690	
691	
692	
693	
694	
695	
696	
697	
698	337	350	353	
699	
700	
701	
702	
703	
704	
705	
706	
707	261	304	
708	261	304	
709	
710	
711	
712	
713	
714	
715	
716	
717	
718	112	
719	
720	
721	187	324	508	
722	
723	
724	
725	
726	312	326	
727	679	726	
728	
729	381	
730	
731	
732	
733	
734	
735	
736	
737	
738	
739	
740	132	
741	
742	154	
743	
744	
745	
746	
747	
748	706	
749	
750	493	
751	
752	
753	434	524	535	580	611	625	639	726	754	
754	
755	
756	
757	
758	
759	
760	
761	
762	
763	
764	752	832	
765	165	
766	165	
767	165	
768	113	165	272	302	
769	
770	
771	
772	
773	312	
774	312	
775	503	
776	
777	
778	503	
779	503	
780	503	
781	503	
782	490	
783	
784	476	490	
785	146	292	295	297	317	356	476	490	
786	179	557	620	
787	146	324	400	458	501	516	
788	
789	140	
790	140	
791	140	
792	140	
793	140	437	463	
794	140	244	
795	140	705	707	738	898	914	919	960	
796	462	
797	
798	
799	161	
800	33	68	
801	161	
802	161	
803	
804	
805	
806	
807	
808	
809	
810	
811	
812	
813	
814	
815	129	
816	138	
817	138	
818	
819	
820	
821	
822	
823	
824	484	497	
825	131	149	
826	149	
827	
828	505	
829	380	472	
830	283	380	472	
831	380	472	
832	380	472	
833	
834	
835	
836	228	
837	
838	
839	
840	
841	57	96	
842	
843	
844	
845	
846	
847	
848	
849	495	
850	495	
851	495	
852	
853	
854	264	301	316	322	
855	264	301	322	
856	
857	158	
858	
859	
860	
861	
862	
863	406	439	
864	
865	142	817	
866	
867	
868	
869	
870	
871	
872	
873	
874	
875	
876	
877	
878	
879	
880	
881	508	
882	
883	
884	245	341	
885	245	
886	150	
887	150	
888	150	
889	150	
890	
891	
892	
893	
894	
895	
896	
897	
898	276	
899	277	288	315	
900	277	288	315	
901	277	288	315	
902	277	315	
903	283	
904	283	
905	
906	283	
907	
908	716	
909	283	
910	283	
911	
912	
913	
914	
915	
916	747	
917	
918	
919	
920	
921	
922	32	57	74	
923	31	137	
924	
925	419	693	
926	716	
927	
928	
929	
930	74	
931	74	
932	
933	
934	
935	
936	
937	
938	
939	
940	
941	
942	
943	401	
944	401	
945	401	
946	401	
947	401	
948	401	501	
949	401	
950	
951	50	
952	
953	50	
954	50	
955	50	
956	
957	
958	523	
959	
960	
961	
962	
963	
964	
965	
966	
967	
968	
969	421	499	
970	137	146	187	421	
971	421	499	512	
972	179	471	
973	164	192	471	
974	31	
975	
976	
977	
978	
979	
980	
981	
982	406	
983	106	
984	106	
985	
986	106	
987	
988	
989	
990	
991	
992	
993	
994	
995	
996	
997	
998	
999	57	
1000	
1001	
1002	
1003	
1004	
1005	
1006	297	
1007	
1008	
1009	
1010	
1011	134	675	
1012	
1013	
1014	
1015	
1016	
1017	
1018	
1019	
1020	
1021	
1022	
1023	
1024	
1025	
1026	
1027	
1028	
1029	
1030	
1031	
1032	
1033	
1034	
1035	
1036	
1037	
1038	
1039	389	520	
1040	389	
1041	389	
1042	234	255	325	389	
1043	
1044	
1045	
1046	
1047	
1048	
1049	
1050	
1051	
1052	164	192	
1053	
1054	
1055	112	
1056	
1057	
1058	
1059	397	
1060	387	397	
1061	747	
1062	747	
1063	747	
1064	493	512	
1065	493	512	
1066	249	253	329	360	
1067	249	253	329	360	
1068	249	253	329	360	
1069	758	
1070	758	
1071	758	
1072	758	
1073	758	
1074	454	
1075	454	
1076	
1077	
1078	
1079	
1080	
1081	
1082	
1083	
1084	
1085	
1086	
1087	
1088	
1089	
1090	117	
1091	117	
1092	
1093	
1094	
1095	
1096	400	
1097	400	
1098	317	363	400	
1099	
1100	68	
1101	33	
1102	68	
1103	68	
1104	33	
1105	33	
1106	68	
1107	33	68	
1108	33	68	
1109	
1110	33	
1111	33	
1112	501	
1113	
1114	
1115	501	
1116	501	
1117	
1118	58	
1119	58	
1120	
1121	
1122	
1123	
1124	
1125	132	
1126	132	
1127	
1128	132	
1129	
1130	
1131	
1132	
1133	
1134	
1135	
1136	
1137	
1138	
1139	
1140	142	
1141	
1142	
1143	
1144	
1145	
1146	
1147	
1148	
1149	
1150	
1151	
1152	
1153	
1154	
1155	
1156	
1157	
1158	
1159	
1160	
1161	
1162	836	
1163	
1164	
1165	
1166	
1167	
1168	
1169	
1170	683	
1171	683	
1172	
1173	
1174	
1175	112	
1176	
1177	
1178	
1179	350	
1180	350	
1181	353	
1182	350	353	
1183	
1184	
1185	
1186	
1187	
1188	
1189	
1190	
1191	
1192	
1193	
1194	
1195	804	
1196	
1197	804	
1198	804	
1199	337	
1200	337	367	
1201	337	367	
1202	337	
1203	
1204	
1205	
1206	
1207	
1208	
1209	186	221	
1210	
1211	
1212	
1213	
1214	
1215	
1216	
1217	
1218	
1219	
1220	
1221	
1222	
1223	200	
1224	200	
1225	168	
1226	
1227	
1228	
1229	
1230	
1231	
1232	
1233	
1234	124	
1235	
1236	
1237	
1238	574	606	836	
1239	
1240	
1241	
1242	
1243	
1244	142	
1245	142	
1246	
1247	142	
1248	142	
1249	
1250	
1251	
1252	
1253	
1254	
1255	41	
1256	
1257	
1258	
1259	
1260	
1261	
1262	
1263	
1264	
1265	
1266	
1267	
1268	
1269	187	
1270	187	
1271	187	
1272	716	
1273	
1274	749	
1275	749	
1276	749	
1277	
1278	
1279	
1280	
1281	
1282	
1283	
1284	
1285	
1286	15	
1287	127	133	
1288	127	
1289	
1290	
1291	
1292	
1293	
1294	
1295	
1296	
1297	396	489	
1298	
1299	
1300	
1301	
1302	
1303	46	
1304	
1305	
1306	
1307	
1308	
1309	
1310	
1311	
1312	
1313	
1314	
1315	
1316	645	
1317	645	
1318	645	
1319	645	
1320	
1321	645	
1322	645	
1323	645	
1324	645	
1325	
1326	645	
1327	645	
1328	645	
1329	645	
1330	
1331	645	
1332	
1333	154	
1334	
1335	
1336	
1337	425	701	
1338	
1339	
1340	
1341	
1342	
1343	704	
1344	
1345	
1346	
1347	
1348	
1349	
1350	
1351	57	
1352	57	96	
1353	570	
1354	570	579	
1355	570	579	644	
1356	579	644	
1357	556	559	607	626	661	
1358	548	607	661	
1359	556	607	661	
1360	
1361	
1362	
1363	154	
1364	
1365	
1366	
1367	
1368	
1369	
1370	437	
1371	
1372	
1373	
1374	
1375	
1376	
1377	
1378	
1379	
1380	
1381	79	
1382	
1383	
1384	129	
1385	
1386	396	478	489	
1387	396	478	489	
1388	
1389	160	
1390	
1391	
1392	
1393	
1394	
1395	
1396	
1397	
1398	
1399	
1400	
1401	328	347	
1402	328	
1403	328	
1404	347	
1405	328	
1406	328	
1407	295	356	599	649	
1408	309	
1409	
1410	
1411	705	726	730	885	898	960	
1412	
1413	
1414	
1415	
1416	
1417	
1418	
1419	
1420	
1421	
1422	
1423	
1424	
1425	
1426	
1427	
1428	
1429	
1430	
1431	
1432	306	
1433	
1434	
1435	
1436	463	
1437	437	
1438	
1439	463	
1440	
1441	
1442	
1443	
1444	
1445	
1446	
1447	
1448	
1449	
1450	
1451	
1452	8	
1453	8	
1454	
1455	
1456	
1457	
1458	
1459	
1460	423	
1461	
1462	
1463	244	311	
1464	244	311	
1465	
1466	
1467	
1468	
1469	
1470	
1471	
1472	
1473	
1474	
1475	
1476	
1477	
1478	111	
1479	111	
1480	111	
1481	
1482	25	
1483	25	
1484	25	98	
1485	25	98	
1486	
1487	704	
1488	
1489	
1490	
1491	
1492	
1493	32	
1494	
1495	371	
1496	
1497	371	
1498	
1499	
1500	
1501	
1502	
1503	
1504	
1505	4	63	
1506	
1507	
1508	817	
1509	
1510	
1511	
1512	
1513	
1514	
1515	
1516	
1517	
1518	
1519	47	
1520	
1521	47	
1522	
1523	
1524	137	
1525	137	
1526	
1527	
1528	
1529	
1530	
1531	
1532	
1533	
1534	
1535	
1536	70	97	102	272	419	477	484	524	533	541	553	561	562	566	574	575	580	589	594	619	625	633	638	639	656	660	666	667	689	698	709	717	743	754	766	777	800	809	864	873	882	892	893	896	911	952	956	957	960	963	
1537	544	639	756	
1538	636	
1539	
1540	
1541	
1542	
1543	
1544	706	
1545	
1546	706	
1547	
1548	
1549	
1550	
1551	
1552	
1553	
1554	
1555	
1556	
1557	
1558	
1559	
1560	
1561	363	
1562	363	
1563	363	
1564	
1565	
1566	
1567	
1568	384	450	
1569	377	384	
1570	
1571	
1572	
1573	
1574	
1575	146	
1576	146	
1577	146	
1578	146	
1579	146	
1580	146	
1581	
1582	
1583	
1584	
1585	
1586	
1587	
1588	
1589	
1590	
1591	
1592	449	
1593	449	
1594	
1595	
1596	234	255	325	
1597	
1598	
1599	
1600	
1601	230	
1602	
1603	
1604	
1605	
1606	
1607	
1608	
1609	
1610	
1611	496	
1612	496	
1613	496	
1614	171	175	496	
1615	496	
1616	
1617	
1618	
1619	
1620	
1621	
1622	
1623	154	
1624	154	
1625	154	
1626	154	
1627	154	
1628	479	
1629	514	
1630	260	333	483	808	
1631	514	
1632	
1633	
1634	
1635	533	
1636	
1637	
1638	
1639	549	611	720	892	
1640	112	
1641	
1642	112	
1643	
1644	
1645	528	557	620	
1646	
1647	
1648	
1649	
1650	
1651	
1652	324	
1653	324	
1654	
1655	
1656	
1657	
1658	445	465	516	
1659	
1660	
1661	
1662	
1663	
1664	
1665	
1666	
1667	
1668	
1669	
1670	
1671	
1672	
1673	
1674	
1675	686	
1676	
1677	686	
1678	686	
1679	
1680	686	
1681	
1682	171	
1683	
1684	
1685	
1686	
1687	
1688	
1689	
1690	413	
1691	
1692	413	
1693	
1694	413	
1695	413	
1696	413	
1697	413	
1698	413	
1699	
1700	
1701	656	662	
1702	
1703	
1704	
1705	
1706	
1707	
1708	
1709	
1710	
1711	
1712	
1713	
1714	
1715	483	698	766	800	809	823	
1716	
1717	885	
1718	508	
1719	508	
1720	483	558	584	
1721	483	835	840	960	
1722	483	
1723	
1724	
1725	
1726	
1727	558	584	665	669	730	
1728	812	
1729	812	
1730	
1731	
1732	
1733	
1734	
1735	
1736	
1737	
1738	
1739	
1740	378	482	
1741	378	
1742	
1743	
1744	
1745	
1746	
1747	
1748	135	
1749	292	317	
1750	297	317	
1751	
1752	
1753	
1754	
1755	
1756	
1757	
1758	
1759	
1760	
1761	
1762	
1763	
1764	654	
1765	
1766	
1767	
1768	636	
1769	636	
1770	
1771	636	
1772	636	
1773	636	
1774	636	
1775	561	563	
1776	636	
1777	
1778	
1779	636	
1780	636	
1781	
1782	633	636	
1783	636	
1784	636	
1785	
1786	636	
1787	636	
1788	
1789	537	636	
1790	636	
1791	
1792	636	
1793	
1794	
1795	636	
1796	
1797	636	
1798	636	
1799	636	
1800	636	
1801	636	
1802	
1803	
1804	537	636	656	659	
1805	
1806	636	
1807	636	
1808	636	
1809	
1810	636	
1811	523	558	561	636	
1812	
1813	434	636	898	
1814	558	636	
1815	
1816	636	
1817	67	523	549	611	636	666	698	762	766	823	965	
1818	636	655	
1819	636	
1820	
1821	533	580	636	638	670	
1822	
1823	260	333	335	615	656	662	717	
1824	587	636	
1825	856	
1826	562	639	659	
1827	
1828	636	
1829	636	
1830	540	566	575	636	
1831	636	
1832	636	866	
1833	521	636	
1834	636	639	
1835	553	566	575	631	636	654	667	681	891	956	
1836	636	
1837	636	
1838	636	
1839	
1840	636	
1841	636	717	
1842	
1843	
1844	393	636	
1845	636	
1846	636	
1847	636	
1848	709	
1849	709	
1850	709	
1851	
1852	709	
1853	
1854	
1855	709	956	
1856	709	
1857	709	
1858	
1859	
1860	709	
1861	709	764	
1862	709	933	
1863	709	
1864	709	712	717	956	965	
1865	434	698	709	766	799	800	823	
1866	484	541	660	709	730	
1867	
1868	832	
1869	537	
1870	48	182	302	589	738	
1871	709	
1872	
1873	709	
1874	709	
1875	709	
1876	604	615	694	754	960	
1877	709	
1878	709	
1879	709	
1880	574	606	698	709	766	799	800	823	
1881	709	
1882	67	537	677	688	709	726	754	850	866	
1883	562	574	
1884	
1885	
1886	
1887	
1888	
1889	
1890	
1891	84	135	537	580	612	642	711	720	738	827	847	850	860	878	893	902	926	927	957	961	964	
1892	
1893	
1894	
1895	654	717	
1896	484	543	650	952	
1897	
1898	
1899	717	764	954	
1900	599	649	
1901	
1902	
1903	230	562	
1904	434	604	
1905	796	861	
1906	9	70	135	191	385	484	524	543	553	562	574	580	589	603	604	606	611	621	625	633	639	643	648	650	656	660	662	707	712	738	754	756	831	832	843	908	918	960	965	976	
1907	717	832	878	
1908	717	832	878	899	
1909	179	574	606	899	
1910	599	
1911	599	649	
1912	599	649	
1913	599	649	
1914	599	
1915	599	649	
1916	599	
1917	599	649	836	948	
1918	599	
1919	599	649	
1920	599	649	
1921	599	
1922	599	
1923	599	649	
1924	599	649	
1925	599	649	
1926	599	649	
1927	599	
1928	589	599	649	
1929	599	671	705	
1930	
1931	599	
1932	599	885	
1933	599	649	
1934	639	649	
1935	599	
1936	649	
1937	599	
1938	260	333	335	558	584	599	649	687	808	834	891	
1939	599	649	
1940	599	649	
1941	599	649	
1942	599	649	
1943	599	
1944	717	
1945	562	717	
1946	717	
1947	717	
1948	717	
1949	
1950	717	
1951	717	
1952	717	
1953	
1954	717	
1955	
1956	717	
1957	717	
1958	717	
1959	717	
1960	717	
1961	
1962	
1963	
1964	717	
1965	717	
1966	717	
1967	
1968	717	
1969	717	
1970	717	
1971	717	
1972	717	
1973	717	
1974	
1975	717	
1976	717	878	
1977	717	
1978	
1979	717	952	969	
1980	914	
1981	425	603	698	726	766	799	809	882	956	
1982	687	834	
1983	563	866	882	956	
1984	
1985	687	717	827	832	834	885	
1986	924	
1987	9	260	333	533	611	615	638	687	726	808	827	832	834	835	840	843	891	927	960	
1988	
1989	717	882	956	
1990	
1991	717	762	
1992	762	
1993	643	687	717	834	
1994	717	
1995	836	
1996	717	
1997	832	956	
1998	717	
1999	484	717	
2000	782	839	890	931	
2001	717	782	
2002	717	948	
2003	682	717	882	956	973	
2004	893	911	
2005	
2006	911	
2007	
2008	79	179	191	549	563	574	594	606	611	675	688	707	717	777	826	831	
2009	419	604	669	687	834	933	956	
2010	549	561	679	717	890	924	
2011	
2012	
2013	
2014	840	919	952	969	
2015	
2016	179	562	
2017	477	
2018	385	826	965	
2019	388	540	
2020	648	654	
2021	524	525	546	603	621	633	643	656	662	786	805	951	965	973	
2022	965	
2023	
2024	9	90	102	135	230	497	544	561	606	639	643	648	656	662	669	676	711	726	730	738	756	770	786	795	860	873	897	908	918	957	965	
2025	
2026	62	540	
2027	
2028	
2029	
2030	
2031	
2032	
2033	
2034	831	
2035	
2036	
2037	
2038	
2039	
2040	
2041	
2042	
2043	892	
2044	
2045	
2046	
2047	
2048	
2049	
2050	
2051	
2052	
2053	
2054	682	
2055	
2056	
2057	
2058	
2059	553	563	589	631	712	931	960	
2060	
2061	
2062	
2063	134	544	756	
2064	552	
2065	
2066	
2067	
2068	477	679	
2069	861	
2070	
2071	
2072	
2073	754	
2074	
2075	
2076	552	701	
2077	
2078	179	
2079	135	561	589	594	639	
2080	594	
2081	
2082	
2083	604	
2084	
2085	
2086	
2087	
2088	
2089	
2090	
2091	
2092	
2093	
2094	
2095	
2096	
2097	
2098	
2099	
2100	
2101	
2102	
2103	
2104	
2105	
2106	
2107	
2108	
2109	
2110	
2111	
2112	
2113	
2114	
2115	
2116	
2117	
2118	
2119	
2120	
2121	
2122	
2123	
2124	
2125	
2126	
2127	
2128	
2129	
2130	
2131	
2132	
2133	549	611	615	
2134	
2135	
2136	
2137	
2138	
2139	70	90	434	477	523	542	549	562	639	711	738	805	908	948	956	960	
2140	
2141	97	654	
2142	
2143	
2144	
2145	563	
2146	
2147	
2148	
2149	
2150	
2151	960	
2152	3	97	102	419	523	524	553	558	561	562	584	594	612	631	633	639	643	698	701	705	726	754	762	766	796	800	809	866	882	892	940	956	960	964	
2153	525	542	546	621	
2154	533	615	638	914	927	
2155	
2156	563	832	878	891	926	
2157	
2158	
2159	
2160	
2161	701	
2162	
2163	
2164	
2165	
2166	
2167	
2168	
2169	533	638	
2170	
2171	
2172	
2173	891	
2174	852	
2175	852	
2176	
2177	852	
2178	107	642	831	852	
2179	102	534	541	554	587	630	660	701	712	852	897	924	
2180	67	79	90	101	425	529	562	587	660	695	
2181	852	
2182	99	102	529	541	554	625	660	712	831	852	931	
2183	3	84	101	102	272	302	537	625	665	698	701	766	799	800	809	835	840	864	897	904	919	924	960	
2184	852	
2185	639	
2186	
2187	639	
2188	
2189	639	
2190	639	
2191	
2192	639	
2193	639	
2194	639	
2195	639	
2196	
2197	
2198	639	
2199	639	
2200	639	
2201	639	
2202	467	639	720	
2203	639	
2204	639	
2205	639	
2206	639	
2207	
2208	639	
2209	639	
2210	
2211	639	
2212	639	
2213	639	
2214	
2215	639	
2216	
2217	
2218	639	
2219	639	
2220	639	
2221	639	
2222	9	525	527	542	546	561	633	637	639	654	
2223	67	90	527	540	552	561	562	633	637	639	705	
2224	562	
2225	562	639	656	662	
2226	639	
2227	639	
2228	639	
2229	639	
2230	510	534	589	619	639	659	670	
2231	639	
2232	639	
2233	67	90	603	665	866	
2234	
2235	639	
2236	
2237	553	631	639	786	
2238	639	
2239	639	
2240	533	638	676	
2241	79	179	549	561	611	639	670	
2242	
2243	70	639	786	
2244	639	
2245	756	
2246	9	510	
2247	477	484	497	639	892	
2248	830	
2249	639	656	
2250	639	
2251	639	
2252	553	580	639	826	
2253	561	
2254	561	
2255	561	
2256	561	
2257	561	
2258	561	
2259	561	
2260	561	
2261	561	
2262	561	
2263	561	
2264	561	
2265	561	
2266	561	
2267	561	
2268	561	
2269	561	
2270	561	
2271	561	
2272	561	
2273	561	
2274	561	
2275	561	
2276	561	
2277	561	
2278	561	
2279	561	
2280	561	
2281	561	
2282	561	
2283	561	
2284	561	
2285	561	
2286	561	
2287	561	
2288	
2289	533	561	638	
2290	561	
2291	260	335	561	701	808	911	
2292	561	
2293	561	
2294	48	561	
2295	425	561	589	665	
2296	561	
2297	561	589	
2298	
2299	524	561	
2300	561	
2301	561	
2302	523	561	
2303	561	
2304	561	589	752	890	
2305	561	
2306	533	561	638	
2307	561	924	
2308	561	791	
2309	561	
2310	561	
2311	527	561	637	960	
2312	
2313	561	
2314	561	
2315	561	
2316	561	
2317	561	
2318	561	
2319	561	
2320	
2321	
2322	
2323	
2324	
2325	
2326	
2327	
2328	
2329	
2330	
2331	
2332	
2333	
2334	
2335	
2336	
2337	
2338	
2339	
2340	
2341	
2342	563	
2343	549	575	604	611	619	667	698	799	800	809	891	924	
2344	673	742	
2345	
2346	671	
2347	694	796	
2348	9	
2349	
2350	
2351	
2352	
2353	116	742	
2354	673	742	
2355	
2356	
2357	
2358	562	650	
2359	
2360	
2361	
2362	
2363	
2364	
2365	
2366	
2367	
2368	
2369	
2370	
2371	
2372	
2373	
2374	
2375	
2376	
2377	
2378	
2379	831	
2380	
2381	
2382	
2383	
2384	
2385	
2386	
2387	
2388	
2389	
2390	
2391	
2392	705	
2393	914	
2394	908	
2395	102	419	434	562	
2396	
2397	952	
2398	
2399	
2400	
2401	97	
2402	260	333	335	754	786	856	864	911	
2403	
2404	272	
2405	
2406	
2407	13	113	754	
2408	682	
2409	
2410	562	956	
2411	
2412	48	59	113	521	796	892	
2413	612	
2414	
2415	
2416	
2417	762	
2418	762	
2419	762	
2420	762	
2421	762	
2422	762	
2423	762	
2424	762	
2425	762	
2426	666	738	762	866	
2427	762	
2428	762	
2429	762	914	
2430	762	
2431	762	832	891	
2432	534	701	897	
2433	191	957	
2434	
2435	553	562	631	
2436	
2437	
2438	705	960	
2439	
2440	
2441	
2442	
2443	
2444	
2445	
2446	
2447	
2448	
2449	521	
2450	885	960	
2451	
2452	
2453	574	606	656	694	756	796	
2454	
2455	
2456	
2457	
2458	
2459	960	
2460	
2461	
2462	782	
2463	673	742	
2464	533	604	656	960	
2465	
2466	
2467	510	619	805	
2468	
2469	
2470	562	580	611	619	
2471	
2472	
2473	625	726	965	
2474	
2475	
2476	
2477	549	611	908	
2478	885	
2479	770	782	864	927	
2480	
2481	
2482	
2483	108	
2484	
2485	
2486	
2487	698	742	791	799	809	823	904	
2488	681	
2489	681	
2490	681	
2491	51	549	553	611	631	654	656	662	679	760	965	
2492	681	
2493	681	
2494	681	
2495	525	542	546	627	681	827	952	969	
2496	375	407	525	546	681	
2497	
2498	
2499	
2500	754	
2501	
2502	
2503	
2504	
2505	
2506	
2507	
2508	102	135	911	
2509	
2510	705	
2511	434	633	947	
2512	931	
2513	425	434	541	656	660	662	666	960	
2514	
2515	
2516	
2517	
2518	
2519	
2520	
2521	
2522	
2523	
2524	
2525	
2526	
2527	574	606	
2528	
2529	
2530	562	654	666	
2531	9	477	484	525	542	603	621	648	660	738	773	786	826	835	843	868	893	896	899	926	963	976	
2532	
2533	
2534	
2535	
2536	656	688	
2537	
2538	
2539	
2540	
2541	
2542	
2543	
2544	70	956	
2545	48	541	575	633	660	665	667	705	726	738	805	
2546	
2547	477	484	891	
2548	3	191	419	484	754	890	963	
2549	552	
2550	477	537	543	611	615	650	694	768	864	902	956	
2551	
2552	
2553	48	
2554	
2555	
2556	
2557	
2558	
2559	
2560	
2561	
2562	
2563	
2564	
2565	
2566	720	754	
2567	
2568	
2569	625	956	
2570	
2571	
2572	375	407	
2573	497	580	
2574	720	
2575	
2576	
2577	84	742	898	
2578	
2579	
2580	
2581	385	
2582	497	540	544	643	670	682	701	738	754	756	860	911	957	
2583	
2584	
2585	
2586	
2587	
2588	
2589	
2590	
2591	
2592	
2593	
2594	
2595	872	
2596	
2597	
2598	
2599	
2600	
2601	562	
2602	
2603	911	
2604	
2605	
2606	
2607	882	956	
2608	51	97	527	675	705	726	738	768	805	826	873	898	927	969	
2609	
2610	
2611	
2612	
2613	
2614	
2615	
2616	
2617	
2618	553	566	575	631	777	868	951	973	
2619	
2620	
2621	
2622	
2623	566	
2624	
2625	
2626	374	679	
2627	
2628	
2629	534	838	941	
2630	
2631	
2632	107	
2633	
2634	
2635	553	
2636	666	973	
2637	973	
2638	
2639	3	84	134	764	795	904	954	973	
2640	99	554	630	643	712	964	
2641	552	948	973	
2642	71	123	764	768	904	919	973	
2643	682	973	
2644	973	
2645	973	
2646	385	434	549	589	611	814	832	926	973	
2647	
2648	537	
2649	
2650	
2651	393	549	611	627	695	705	
2652	754	805	
2653	135	477	521	537	619	892	931	
2654	
2655	
2656	
2657	
2658	
2659	
2660	
2661	
2662	
2663	
2664	
2665	
2666	
2667	
2668	
2669	
2670	
2671	
2672	
2673	
2674	
2675	
2676	
2677	
2678	
2679	
2680	563	885	
2681	
2682	
2683	
2684	
2685	
2686	108	659	891	
2687	
2688	
2689	
2690	543	650	
2691	
2692	
2693	698	766	799	800	823	885	
2694	
2695	260	333	335	808	
2696	
2697	
2698	
2699	
2700	
2701	
2702	
2703	84	434	558	584	625	648	752	
2704	84	882	956	
2705	84	957	
2706	84	
2707	
2708	
2709	67	71	84	123	603	835	850	898	904	964	
2710	71	730	764	904	
2711	84	
2712	84	
2713	558	584	
2714	
2715	84	738	866	
2716	
2717	
2718	
2719	
2720	891	
2721	866	
2722	
2723	866	
2724	866	
2725	866	
2726	866	
2727	866	
2728	
2729	9	866	891	
2730	866	
2731	
2732	831	866	
2733	
2734	
2735	
2736	
2737	
2738	866	
2739	866	
2740	
2741	
2742	866	
2743	
2744	866	
2745	
2746	866	
2747	866	
2748	866	
2749	866	
2750	866	
2751	866	
2752	
2753	866	
2754	948	
2755	
2756	
2757	
2758	
2759	116	544	611	673	679	682	701	705	738	742	756	836	839	864	904	924	
2760	
2761	866	
2762	866	
2763	
2764	
2765	
2766	866	
2767	866	
2768	866	
2769	
2770	866	
2771	
2772	866	
2773	666	764	
2774	
2775	898	
2776	864	882	956	
2777	575	667	866	
2778	866	
2779	
2780	
2781	
2782	594	705	890	
2783	882	956	
2784	
2785	866	
2786	407	525	542	666	698	743	764	766	799	800	809	873	878	898	927	
2787	866	
2788	
2789	866	
2790	425	549	866	
2791	866	
2792	
2793	523	
2794	
2795	866	
2796	866	
2797	434	543	650	933	
2798	866	
2799	866	
2800	866	
2801	866	
2802	866	882	956	
2803	
2804	
2805	
2806	866	
2807	866	
2808	552	693	866	902	956	
2809	654	786	878	
2810	878	
2811	878	
2812	878	
2813	878	
2814	484	562	827	878	
2815	878	
2816	544	756	770	878	
2817	552	878	
2818	523	589	594	625	687	834	850	878	898	
2819	878	
2820	
2821	
2822	
2823	
2824	
2825	
2826	
2827	
2828	
2829	956	
2830	477	890	919	
2831	
2832	
2833	
2834	
2835	
2836	
2837	
2838	
2839	
2840	
2841	
2842	
2843	
2844	
2845	
2846	
2847	
2848	
2849	
2850	
2851	
2852	
2853	
2854	
2855	
2856	
2857	589	
2858	260	333	385	604	742	808	890	931	
2859	
2860	
2861	497	562	679	705	738	891	
2862	419	698	766	796	799	800	823	904	
2863	
2864	
2865	
2866	
2867	
2868	
2869	
2870	
2871	
2872	
2873	
2874	
2875	701	
2876	
2877	914	
2878	
2879	625	
2880	655	
2881	
2882	
2883	
2884	
2885	
2886	
2887	
2888	
2889	
2890	
2891	
2892	
2893	552	675	
2894	827	965	
2895	
2896	
2897	
2898	
2899	
2900	
2901	
2902	
2903	
2904	
2905	9	742	860	957	
2906	
2907	
2908	890	
2909	
2910	
2911	827	
2912	687	834	
2913	
2914	
2915	
2916	
2917	
2918	
2919	
2920	
2921	
2922	
2923	
2924	908	
2925	182	589	
2926	882	956	
2927	
2928	102	
2929	927	
2930	101	656	893	
2931	
2932	
2933	
2934	
2935	
2936	891	
2937	
2938	
2939	580	654	659	782	839	
2940	
2941	926	
2942	
2943	
2944	
2945	669	
2946	
2947	669	
2948	669	
2949	669	
2950	669	834	
2951	669	
2952	669	
2953	669	
2954	669	
2955	
2956	669	
2957	669	
2958	669	
2959	669	
2960	669	
2961	669	
2962	669	
2963	552	669	
2964	669	
2965	669	
2966	
2967	669	
2968	669	
2969	659	669	
2970	669	
2971	484	544	587	756	826	898	933	
2972	
2973	
2974	102	108	407	419	540	554	580	669	670	720	726	908	
2975	
2976	669	
2977	
2978	669	
2979	669	
2980	669	
2981	
2982	
2983	191	
2984	898	
2985	898	919	
2986	898	
2987	48	97	782	873	902	
2988	
2989	898	
2990	898	
2991	898	
2992	898	
2993	
2994	898	
2995	898	
2996	898	
2997	898	
2998	70	898	
2999	738	927	
3000	
3001	594	619	726	885	891	908	911	914	
3002	726	
3003	726	
3004	726	
3005	726	
3006	726	
3007	726	
3008	726	
3009	637	726	
3010	726	
3011	726	
3012	726	
3013	726	
3014	726	
3015	102	726	
3016	726	
3017	726	
3018	726	
3019	726	
3020	726	
3021	726	
3022	67	70	726	
3023	726	
3024	726	
3025	726	
3026	726	
3027	726	
3028	102	698	726	800	809	823	
3029	726	754	
3030	726	
3031	726	
3032	726	
3033	633	726	
3034	726	
3035	726	
3036	726	
3037	726	
3038	726	
3039	726	
3040	726	
3041	726	
3042	726	
3043	726	
3044	726	
3045	
3046	
3047	
3048	926	
3049	51	
3050	51	
3051	51	
3052	51	
3053	
3054	
3055	826	
3056	826	
3057	826	
3058	826	
3059	826	
3060	826	
3061	
3062	826	954	
3063	
3064	
3065	826	
3066	
3067	826	
3068	720	
3069	826	
3070	754	
3071	826	
3072	826	
3073	826	
3074	552	656	701	826	861	
3075	544	756	826	
3076	826	
3077	557	
3078	
3079	
3080	
3081	826	
3082	826	
3083	563	604	826	965	
3084	589	826	
3085	826	
3086	
3087	
3088	
3089	
3090	
3091	
3092	
3093	
3094	
3095	
3096	
3097	
3098	
3099	
3100	
3101	
3102	671	
3103	
3104	
3105	
3106	
3107	
3108	
3109	497	890	892	
3110	
3111	
3112	
3113	
3114	
3115	
3116	
3117	
3118	
3119	
3120	
3121	
3122	
3123	
3124	101	102	
3125	101	
3126	
3127	
3128	
3129	101	
3130	
3131	101	
3132	101	799	800	
3133	101	627	695	710	899	
3134	101	
3135	101	619	
3136	101	
3137	
3138	
3139	
3140	
3141	
3142	
3143	
3144	9	960	
3145	694	796	
3146	694	796	882	956	
3147	
3148	
3149	
3150	
3151	70	434	541	642	660	705	835	840	931	940	
3152	
3153	
3154	179	
3155	
3156	705	
3157	
3158	191	
3159	
3160	
3161	
3162	
3163	
3164	882	956	
3165	655	
3166	655	
3167	655	
3168	
3169	
3170	655	
3171	655	
3172	
3173	856	
3174	260	333	335	580	655	808	
3175	655	
3176	
3177	655	
3178	
3179	655	
3180	655	
3181	856	
3182	
3183	
3184	655	
3185	655	
3186	887	
3187	
3188	887	
3189	887	
3190	54	182	497	510	643	675	701	720	855	887	926	947	954	
3191	182	887	
3192	887	
3193	887	
3194	887	914	
3195	484	887	890	
3196	887	
3197	
3198	
3199	654	902	
3200	
3201	
3202	
3203	
3204	
3205	477	537	693	873	892	
3206	
3207	345	
3208	345	
3209	
3210	
3211	
3212	
3213	
3214	
3215	
3216	
3217	
3218	
3219	
3220	
3221	
3222	960	
3223	
3224	
3225	
3226	
3227	
3228	
3229	
3230	
3231	
3232	543	961	
3233	
3234	
3235	
3236	
3237	
3238	
3239	933	
3240	933	
3241	654	832	
3242	933	
3243	933	
3244	
3245	
3246	
3247	
3248	
3249	
3250	
3251	
3252	
3253	
3254	
3255	
3256	
3257	
3258	
3259	
3260	
3261	
3262	
3263	
3264	
3265	
3266	
3267	
3268	
3269	191	
3270	689	712	911	914	
3271	
3272	
3273	
3274	
3275	
3276	
3277	
3278	948	
3279	
3280	
3281	856	
3282	
3283	856	
3284	891	
3285	856	
3286	
3287	
3288	856	
3289	135	
3290	
3291	
3292	856	
3293	
3294	
3295	
3296	
3297	
3298	
3299	656	662	
3300	671	
3301	
3302	
3303	563	654	891	
3304	689	
3305	627	
3306	627	
3307	627	827	
3308	902	
3309	902	
3310	902	
3311	
3312	
3313	902	
3314	687	885	
3315	687	834	
3316	687	834	
3317	687	834	
3318	687	834	
3319	687	834	
3320	687	834	
3321	687	834	
3322	687	
3323	687	834	
3324	687	834	
3325	687	
3326	687	
3327	687	834	882	956	
3328	687	834	
3329	687	834	
3330	687	834	
3331	687	
3332	687	834	
3333	687	834	
3334	673	687	742	834	904	
3335	687	834	
3336	687	834	
3337	687	839	891	
3338	533	687	834	890	948	
3339	687	834	
3340	687	834	904	
3341	687	834	
3342	687	834	
3343	687	834	
3344	687	834	
3345	687	834	
3346	687	834	
3347	687	
3348	687	827	834	
3349	619	834	
3350	671	687	705	834	836	
3351	
3352	
3353	
3354	
3355	
3356	
3357	
3358	
3359	
3360	
3361	
3362	
3363	
3364	
3365	960	
3366	
3367	
3368	
3369	
3370	
3371	70	742	
3372	
3373	
3374	
3375	
3376	
3377	
3378	
3379	
3380	
3381	656	662	
3382	
3383	
3384	
3385	
3386	
3387	
3388	
3389	13	70	113	484	665	
3390	891	
3391	
3392	
3393	
3394	
3395	
3396	
3397	
3398	
3399	
3400	
3401	
3402	
3403	
3404	
3405	
3406	786	
3407	
3408	
3409	
3410	
3411	
3412	
3413	
3414	
3415	
3416	
3417	
3418	
3419	
3420	
3421	
3422	
3423	
3424	
3425	
3426	
3427	
3428	
3429	
3430	
3431	730	
3432	
3433	
3434	70	574	606	648	754	
3435	
3436	
3437	951	
3438	625	698	766	799	800	809	919	
3439	
3440	
3441	675	
3442	675	
3443	675	698	766	799	800	809	
3444	675	
3445	675	
3446	675	882	956	
3447	419	675	
3448	675	
3449	675	
3450	675	
3451	675	
3452	675	
3453	675	
3454	
3455	
3456	
3457	
3458	385	838	941	
3459	
3460	
3461	
3462	
3463	633	721	947	
3464	
3465	575	667	
3466	
3467	
3468	
3469	
3470	
3471	
3472	534	
3473	
3474	534	
3475	534	
3476	
3477	
3478	
3479	102	534	919	
3480	682	
3481	562	
3482	682	
3483	682	
3484	682	
3485	
3486	682	
3487	682	
3488	682	
3489	484	682	
3490	
3491	682	
3492	
3493	
3494	
3495	
3496	
3497	
3498	
3499	
3500	
3501	
3502	
3503	
3504	
3505	
3506	
3507	
3508	
3509	
3510	
3511	
3512	835	965	
3513	
3514	
3515	
3516	
3517	
3518	
3519	
3520	612	
3521	
3522	
3523	67	70	
3524	615	914	
3525	
3526	
3527	48	62	70	102	542	546	621	
3528	
3529	
3530	
3531	
3532	789	
3533	789	
3534	789	
3535	553	566	575	665	789	918	951	
3536	963	
3537	963	
3538	963	
3539	963	
3540	963	
3541	705	963	
3542	963	
3543	963	
3544	
3545	
3546	782	839	963	
3547	963	
3548	
3549	
3550	
3551	
3552	
3553	
3554	
3555	
3556	
3557	
3558	773	
3559	
3560	
3561	116	
3562	
3563	
3564	
3565	
3566	
3567	
3568	
3569	523	
3570	523	
3571	523	
3572	523	
3573	
3574	523	
3575	523	
3576	754	
3577	523	
3578	
3579	523	
3580	523	
3581	523	
3582	523	
3583	523	589	604	
3584	523	
3585	523	
3586	523	
3587	563	
3588	523	
3589	523	562	
3590	523	
3591	523	
3592	
3593	
3594	
3595	
3596	
3597	
3598	
3599	
3600	911	
3601	890	
3602	102	532	
3603	976	
3604	
3605	861	864	
3606	
3607	
3608	619	648	
3609	
3610	
3611	
3612	537	554	
3613	
3614	182	558	584	625	890	
3615	
3616	107	
3617	59	107	795	954	
3618	107	
3619	
3620	107	
3621	107	
3622	
3623	
3624	
3625	
3626	
3627	
3628	
3629	
3630	
3631	
3632	
3633	
3634	
3635	
3636	
3637	
3638	
3639	
3640	
3641	
3642	796	952	969	
3643	
3644	
3645	
3646	549	
3647	
3648	
3649	
3650	
3651	13	113	
3652	656	
3653	882	956	
3654	882	956	
3655	882	956	
3656	956	
3657	956	
3658	956	
3659	67	768	956	
3660	956	
3661	882	956	
3662	882	956	
3663	882	956	
3664	882	956	
3665	882	956	
3666	882	956	
3667	882	956	
3668	882	956	
3669	956	
3670	956	
3671	882	956	
3672	882	956	
3673	882	956	
3674	956	
3675	956	
3676	956	
3677	882	956	
3678	882	956	
3679	882	956	
3680	956	
3681	882	956	
3682	956	
3683	882	956	
3684	882	956	
3685	882	956	
3686	882	956	
3687	882	956	
3688	882	956	
3689	882	956	
3690	956	
3691	882	956	
3692	882	956	
3693	882	956	
3694	882	956	
3695	835	840	882	956	
3696	882	956	
3697	956	
3698	956	
3699	882	956	
3700	882	956	
3701	882	956	
3702	956	
3703	882	956	
3704	956	
3705	956	
3706	882	956	
3707	956	
3708	882	956	
3709	956	
3710	956	
3711	882	956	
3712	882	956	
3713	882	956	
3714	882	956	
3715	882	956	
3716	563	752	882	956	
3717	956	
3718	882	956	
3719	882	956	
3720	956	
3721	882	956	
3722	956	
3723	882	956	
3724	580	656	662	836	956	
3725	882	891	956	
3726	956	
3727	882	956	
3728	9	827	956	
3729	694	882	956	
3730	882	956	
3731	604	882	956	
3732	882	956	
3733	882	956	
3734	882	956	
3735	882	956	
3736	956	
3737	956	
3738	956	
3739	552	914	956	
3740	882	956	
3741	956	
3742	882	956	
3743	956	
3744	956	
3745	956	
3746	882	956	
3747	882	956	
3748	882	956	
3749	882	956	
3750	882	956	
3751	882	956	
3752	956	
3753	698	712	766	799	800	823	882	956	
3754	580	882	891	956	
3755	721	956	
3756	
3757	
3758	
3759	
3760	
3761	695	805	
3762	
3763	814	
3764	
3765	754	
3766	549	611	
3767	
3768	
3769	
3770	
3771	
3772	
3773	
3774	
3775	
3776	
3777	
3778	
3779	
3780	
3781	
3782	
3783	
3784	
3785	
3786	
3787	
3788	
3789	
3790	
3791	
3792	
3793	
3794	
3795	
3796	
3797	
3798	754	
3799	873	
3800	537	
3801	537	
3802	537	
3803	
3804	537	
3805	537	562	705	712	896	
3806	497	537	
3807	537	
3808	537	
3809	
3810	
3811	434	524	535	
3812	
3813	
3814	
3815	
3816	
3817	
3818	
3819	
3820	
3821	
3822	549	611	
3823	
3824	
3825	
3826	484	
3827	
3828	
3829	
3830	
3831	
3832	
3833	
3834	
3835	864	
3836	
3837	
3838	
3839	
3840	9	671	864	891	
3841	891	
3842	134	533	606	638	
3843	
3844	
3845	
3846	
3847	760	
3848	
3849	760	
3850	760	
3851	
3852	760	
3853	
3854	434	
3855	760	
3856	760	
3857	
3858	760	
3859	
3860	760	
3861	760	
3862	760	
3863	
3864	760	
3865	563	589	619	694	760	796	805	832	850	
3866	760	
3867	
3868	419	
3869	
3870	
3871	
3872	
3873	
3874	
3875	
3876	
3877	
3878	
3879	
3880	
3881	
3882	
3883	134	594	754	891	892	
3884	
3885	
3886	
3887	
3888	
3889	
3890	
3891	960	
3892	891	
3893	
3894	425	549	754	
3895	
3896	434	604	756	891	960	
3897	
3898	
3899	914	
3900	
3901	
3902	
3903	673	742	
3904	
3905	48	673	742	
3906	
3907	
3908	
3909	
3910	
3911	
3912	
3913	
3914	
3915	
3916	
3917	70	
3918	67	102	
3919	
3920	
3921	
3922	
3923	650	
3924	
3925	
3926	
3927	
3928	
3929	
3930	
3931	
3932	
3933	
3934	
3935	
3936	
3937	896	
3938	
3939	
3940	
3941	
3942	
3943	
3944	891	
3945	
3946	
3947	
3948	
3949	
3950	
3951	
3952	
3953	
3954	
3955	908	
3956	
3957	9	134	
3958	419	
3959	666	
3960	
3961	
3962	
3963	
3964	
3965	
3966	
3967	
3968	
3969	
3970	730	
3971	
3972	
3973	134	
3974	
3975	
3976	911	
3977	
3978	589	743	
3979	182	563	615	875	
3980	
3981	
3982	
3983	
3984	
3985	
3986	
3987	
3988	
3989	
3990	
3991	
3992	
3993	
3994	
3995	
3996	
3997	
3998	
3999	
4000	
4001	
4002	
4003	
4004	
4005	
4006	
4007	
4008	
4009	
4010	
4011	
4012	
4013	
4014	
4015	
4016	836	
4017	
4018	
4019	
4020	
4021	
4022	
4023	
4024	
4025	
4026	
4027	
4028	
4029	
4030	
4031	
4032	
4033	
4034	
4035	
4036	
4037	
4038	
4039	
4040	
4041	
4042	
4043	
4044	
4045	
4046	
4047	
4048	
4049	
4050	
4051	
4052	
4053	
4054	
4055	
4056	
4057	
4058	
4059	
4060	
4061	836	
4062	
4063	
4064	
4065	890	
4066	
4067	
4068	665	
4069	
4070	
4071	604	
4072	
4073	
4074	
4075	
4076	
4077	
4078	
4079	
4080	
4081	
4082	754	
4083	
4084	
4085	
4086	951	
4087	
4088	
4089	260	333	335	808	
4090	
4091	
4092	
4093	
4094	890	
4095	890	
4096	
4097	890	
4098	890	
4099	890	
4100	890	
4101	
4102	890	
4103	890	
4104	890	
4105	890	
4106	
4107	
4108	890	
4109	890	
4110	890	
4111	
4112	
4113	890	
4114	890	
4115	
4116	890	
4117	890	
4118	
4119	890	
4120	
4121	890	
4122	
4123	890	
4124	625	890	
4125	890	
4126	
4127	890	
4128	890	
4129	890	
4130	890	
4131	890	
4132	
4133	890	
4134	
4135	890	
4136	890	
4137	
4138	890	
4139	890	
4140	611	890	
4141	890	960	
4142	890	
4143	
4144	890	
4145	890	
4146	890	
4147	890	
4148	890	
4149	890	
4150	904	
4151	673	742	904	
4152	904	
4153	904	
4154	904	
4155	904	
4156	904	
4157	904	
4158	
4159	904	
4160	260	333	335	808	
4161	892	
4162	712	795	904	
4163	795	904	
4164	904	
4165	673	742	904	
4166	904	
4167	701	891	904	
4168	885	
4169	904	914	
4170	904	
4171	
4172	904	
4173	484	904	
4174	434	698	766	799	800	823	904	
4175	830	
4176	830	
4177	830	
4178	830	
4179	9	
4180	830	
4181	
4182	
4183	
4184	
4185	
4186	70	191	527	633	637	701	705	960	965	
4187	
4188	
4189	
4190	
4191	484	619	656	662	
4192	
4193	
4194	777	918	951	
4195	
4196	
4197	
4198	102	619	835	840	
4199	
4200	
4201	752	
4202	
4203	
4204	
4205	
4206	
4207	
4208	
4209	
4210	
4211	
4212	
4213	
4214	656	
4215	
4216	
4217	
4218	965	
4219	541	660	960	
4220	660	
4221	660	
4222	541	660	
4223	660	
4224	541	660	
4225	541	660	
4226	660	
4227	541	660	
4228	541	660	
4229	541	660	
4230	660	
4231	660	
4232	660	
4233	660	
4234	541	625	660	
4235	541	660	
4236	67	90	541	660	
4237	541	660	
4238	
4239	79	554	660	
4240	541	660	
4241	541	
4242	
4243	
4244	
4245	
4246	
4247	
4248	
4249	
4250	
4251	
4252	
4253	
4254	
4255	
4256	
4257	
4258	
4259	
4260	
4261	
4262	
4263	
4264	
4265	
4266	
4267	
4268	
4269	
4270	563	
4271	
4272	
4273	
4274	563	
4275	
4276	
4277	
4278	919	
4279	
4280	
4281	
4282	562	885	
4283	
4284	
4285	
4286	
4287	
4288	
4289	
4290	
4291	
4292	
4293	
4294	
4295	
4296	
4297	
4298	
4299	
4300	
4301	
4302	
4303	891	
4304	
4305	
4306	
4307	679	
4308	
4309	
4310	
4311	
4312	
4313	
4314	102	
4315	
4316	
4317	
4318	
4319	
4320	
4321	
4322	
4323	
4324	
4325	
4326	
4327	
4328	
4329	
4330	
4331	
4332	
4333	
4334	
4335	
4336	
4337	
4338	
4339	
4340	
4341	
4342	738	843	960	976	
4343	
4344	
4345	574	603	
4346	
4347	
4348	
4349	
4350	
4351	
4352	
4353	
4354	
4355	677	
4356	676	721	
4357	677	721	
4358	677	721	
4359	
4360	
4361	
4362	529	
4363	529	
4364	
4365	
4366	
4367	
4368	
4369	
4370	
4371	914	
4372	
4373	
4374	
4375	738	
4376	
4377	
4378	
4379	
4380	
4381	
4382	
4383	
4384	
4385	
4386	
4387	
4388	
4389	
4390	
4391	
4392	
4393	
4394	
4395	
4396	
4397	
4398	
4399	
4400	
4401	
4402	
4403	
4404	
4405	
4406	
4407	
4408	
4409	
4410	
4411	633	
4412	786	960	
4413	70	
4414	
4415	
4416	
4417	
4418	
4419	
4420	
4421	
4422	
4423	
4424	
4425	
4426	135	594	
4427	
4428	891	
4429	70	796	870	948	
4430	
4431	589	
4432	
4433	
4434	
4435	
4436	
4437	
4438	
4439	
4440	
4441	
4442	
4443	
4444	
4445	
4446	
4447	
4448	
4449	
4450	
4451	
4452	
4453	
4454	
4455	
4456	544	
4457	
4458	705	
4459	705	
4460	705	
4461	
4462	705	
4463	705	
4464	705	
4465	705	
4466	705	
4467	
4468	705	
4469	705	
4470	705	
4471	705	
4472	705	
4473	705	
4474	705	
4475	705	
4476	705	
4477	705	
4478	705	
4479	705	
4480	705	
4481	705	
4482	705	
4483	705	
4484	705	
4485	705	
4486	705	
4487	705	
4488	
4489	705	
4490	705	
4491	705	
4492	
4493	705	
4494	705	
4495	705	
4496	705	
4497	705	
4498	705	
4499	705	
4500	698	705	766	799	800	809	823	
4501	698	705	766	800	823	
4502	705	
4503	179	
4504	698	705	766	799	800	823	
4505	705	
4506	705	
4507	705	
4508	698	705	766	799	800	823	864	924	
4509	705	
4510	705	
4511	705	
4512	705	
4513	705	
4514	705	
4515	
4516	705	965	
4517	705	
4518	705	
4519	705	
4520	
4521	705	
4522	705	
4523	
4524	
4525	
4526	
4527	
4528	
4529	
4530	
4531	
4532	
4533	
4534	
4535	
4536	
4537	
4538	
4539	
4540	743	
4541	
4542	
4543	960	
4544	
4545	926	
4546	926	
4547	926	
4548	
4549	926	
4550	
4551	
4552	
4553	
4554	
4555	
4556	
4557	
4558	
4559	
4560	
4561	
4562	
4563	
4564	
4565	
4566	
4567	
4568	524	535	
4569	
4570	
4571	
4572	
4573	
4574	
4575	
4576	
4577	
4578	
4579	
4580	
4581	
4582	
4583	
4584	
4585	
4586	
4587	97	102	654	
4588	
4589	
4590	
4591	
4592	
4593	135	549	611	960	
4594	
4595	
4596	
4597	
4598	
4599	
4600	
4601	
4602	
4603	
4604	
4605	
4606	
4607	
4608	
4609	
4610	
4611	
4612	
4613	
4614	
4615	
4616	
4617	
4618	
4619	960	965	
4620	
4621	
4622	
4623	
4624	
4625	960	
4626	
4627	688	
4628	688	
4629	688	
4630	688	
4631	694	796	
4632	796	
4633	694	796	
4634	796	
4635	694	796	
4636	694	
4637	694	
4638	694	796	
4639	
4640	694	796	
4641	
4642	694	796	
4643	694	796	
4644	694	796	
4645	694	796	
4646	796	
4647	796	
4648	694	796	
4649	694	796	
4650	694	796	
4651	694	796	
4652	
4653	694	796	
4654	694	
4655	
4656	694	796	
4657	796	
4658	694	796	
4659	694	
4660	
4661	694	796	
4662	694	
4663	694	
4664	796	
4665	694	796	
4666	796	
4667	694	
4668	694	
4669	796	
4670	648	796	
4671	694	
4672	694	
4673	796	
4674	694	796	892	
4675	694	796	
4676	694	796	
4677	796	
4678	
4679	796	
4680	694	836	
4681	694	796	
4682	796	
4683	694	796	
4684	694	796	
4685	796	
4686	694	796	
4687	796	
4688	179	796	
4689	563	694	965	
4690	694	
4691	796	
4692	694	796	
4693	694	796	
4694	796	
4695	566	575	694	796	
4696	
4697	694	796	
4698	694	
4699	694	796	
4700	796	
4701	694	796	
4702	694	
4703	694	965	
4704	694	796	
4705	694	
4706	694	
4707	13	
4708	13	
4709	13	
4710	13	805	
4711	13	
4712	
4713	
4714	
4715	
4716	
4717	
4718	
4719	
4720	
4721	
4722	
4723	
4724	230	
4725	
4726	
4727	
4728	
4729	
4730	
4731	
4732	
4733	
4734	
4735	
4736	
4737	
4738	
4739	
4740	
4741	
4742	
4743	
4744	
4745	
4746	
4747	
4748	
4749	
4750	
4751	
4752	
4753	654	
4754	
4755	654	
4756	654	
4757	654	
4758	654	
4759	654	
4760	
4761	654	
4762	
4763	654	
4764	654	891	
4765	654	
4766	654	
4767	654	
4768	654	
4769	654	
4770	654	
4771	654	
4772	553	631	654	
4773	654	
4774	654	
4775	
4776	
4777	
4778	914	
4779	656	919	
4780	
4781	
4782	919	
4783	919	
4784	919	
4785	
4786	919	
4787	
4788	919	
4789	
4790	919	
4791	
4792	919	
4793	544	756	
4794	756	
4795	544	756	
4796	544	756	
4797	544	756	
4798	544	756	
4799	544	756	
4800	544	756	
4801	544	756	
4802	544	756	
4803	544	756	
4804	544	756	
4805	544	756	
4806	544	756	
4807	
4808	544	756	
4809	544	756	
4810	756	
4811	544	604	756	
4812	756	
4813	544	756	
4814	544	756	
4815	544	
4816	
4817	
4818	
4819	
4820	90	603	
4821	
4822	
4823	
4824	
4825	
4826	
4827	587	885	
4828	
4829	
4830	
4831	
4832	891	
4833	
4834	
4835	
4836	
4837	
4838	
4839	
4840	549	562	611	
4841	
4842	764	
4843	
4844	
4845	
4846	
4847	
4848	
4849	
4850	
4851	
4852	
4853	
4854	
4855	
4856	
4857	650	
4858	
4859	
4860	
4861	
4862	
4863	
4864	
4865	
4866	
4867	
4868	
4869	
4870	
4871	484	
4872	914	
4873	619	
4874	589	
4875	
4876	
4877	
4878	
4879	
4880	
4881	
4882	
4883	
4884	
4885	
4886	
4887	604	
4888	
4889	786	
4890	
4891	786	
4892	786	
4893	786	
4894	786	
4895	786	
4896	786	
4897	786	
4898	
4899	786	
4900	786	
4901	
4902	
4903	
4904	695	754	786	
4905	786	
4906	786	960	
4907	
4908	
4909	786	
4910	786	
4911	
4912	
4913	786	
4914	
4915	786	
4916	
4917	786	
4918	754	
4919	
4920	
4921	
4922	
4923	
4924	
4925	
4926	742	
4927	
4928	
4929	
4930	
4931	
4932	
4933	
4934	831	
4935	
4936	
4937	
4938	
4939	
4940	
4941	
4942	922	
4943	
4944	
4945	
4946	
4947	
4948	
4949	
4950	
4951	
4952	
4953	525	542	621	
4954	
4955	698	766	799	800	809	823	
4956	
4957	
4958	
4959	
4960	
4961	
4962	
4963	
4964	
4965	
4966	
4967	
4968	
4969	
4970	
4971	
4972	
4973	
4974	
4975	
4976	
4977	
4978	
4979	
4980	
4981	
4982	
4983	
4984	
4985	
4986	
4987	
4988	
4989	
4990	
4991	
4992	
4993	
4994	
4995	
4996	
4997	
4998	
4999	
5000	
5001	
5002	
5003	
5004	924	
5005	
5006	
5007	
5008	
5009	
5010	
5011	832	891	
5012	
5013	
5014	836	
5015	
5016	
5017	701	
5018	
5019	
5020	
5021	
5022	
5023	
5024	
5025	
5026	
5027	
5028	
5029	
5030	
5031	
5032	
5033	
5034	870	
5035	
5036	
5037	562	
5038	
5039	
5040	
5041	
5042	773	
5043	
5044	
5045	
5046	701	
5047	
5048	
5049	676	
5050	54	676	
5051	676	
5052	
5053	
5054	
5055	
5056	182	
5057	870	948	
5058	948	
5059	948	
5060	870	948	
5061	870	
5062	870	
5063	948	
5064	948	
5065	
5066	870	
5067	870	
5068	870	948	
5069	870	
5070	870	
5071	260	333	335	
5072	870	948	
5073	870	948	965	
5074	870	
5075	948	
5076	870	948	
5077	948	
5078	
5079	870	948	
5080	698	766	799	800	809	870	891	948	
5081	580	698	766	799	800	809	823	870	948	
5082	948	
5083	832	870	948	
5084	870	948	
5085	870	
5086	870	948	
5087	
5088	914	
5089	914	
5090	
5091	914	
5092	914	
5093	
5094	835	893	914	
5095	914	
5096	914	
5097	914	
5098	615	
5099	914	
5100	914	
5101	914	
5102	
5103	914	
5104	914	
5105	914	
5106	914	
5107	914	
5108	914	
5109	914	
5110	914	
5111	914	
5112	
5113	914	
5114	914	
5115	914	
5116	914	
5117	914	
5118	
5119	
5120	
5121	
5122	
5123	
5124	
5125	
5126	
5127	
5128	
5129	
5130	
5131	
5132	
5133	
5134	
5135	
5136	
5137	
5138	
5139	
5140	
5141	
5142	
5143	
5144	
5145	
5146	
5147	
5148	
5149	
5150	698	754	766	800	809	
5151	
5152	
5153	
5154	
5155	
5156	
5157	
5158	
5159	
5160	
5161	
5162	
5163	
5164	
5165	
5166	
5167	
5168	
5169	
5170	
5171	
5172	
5173	
5174	
5175	
5176	880	
5177	
5178	
5179	
5180	
5181	
5182	
5183	
5184	
5185	48	558	562	584	976	
5186	
5187	
5188	
5189	
5190	
5191	
5192	
5193	
5194	
5195	
5196	633	
5197	
5198	
5199	
5200	
5201	
5202	
5203	
5204	
5205	
5206	
5207	
5208	
5209	
5210	
5211	562	587	606	
5212	419	477	574	643	
5213	134	
5214	134	
5215	
5216	134	
5217	134	
5218	
5219	
5220	134	
5221	
5222	134	
5223	
5224	134	
5225	134	
5226	134	
5227	134	
5228	
5229	
5230	134	
5231	134	
5232	
5233	134	
5234	
5235	
5236	134	
5237	134	
5238	134	182	
5239	134	
5240	134	
5241	134	
5242	134	
5243	134	
5244	134	
5245	
5246	
5247	
5248	
5249	134	
5250	134	
5251	134	
5252	
5253	
5254	134	
5255	891	
5256	
5257	116	
5258	116	
5259	116	
5260	
5261	
5262	116	
5263	
5264	116	
5265	
5266	116	
5267	116	
5268	116	
5269	
5270	
5271	116	
5272	116	
5273	116	
5274	116	
5275	
5276	
5277	
5278	116	
5279	116	
5280	
5281	
5282	
5283	
5284	116	
5285	116	
5286	116	
5287	116	
5288	116	
5289	656	662	
5290	116	931	
5291	116	
5292	
5293	116	
5294	116	
5295	
5296	116	
5297	
5298	116	
5299	
5300	
5301	
5302	
5303	116	
5304	116	
5305	116	
5306	116	
5307	
5308	116	
5309	
5310	116	
5311	836	
5312	116	
5313	67	90	434	
5314	
5315	
5316	
5317	
5318	
5319	
5320	
5321	
5322	850	
5323	
5324	
5325	
5326	525	546	621	
5327	
5328	
5329	864	
5330	864	
5331	
5332	864	
5333	
5334	
5335	
5336	
5337	
5338	
5339	864	
5340	864	
5341	864	
5342	864	
5343	
5344	864	
5345	864	
5346	
5347	864	
5348	
5349	
5350	
5351	
5352	
5353	864	
5354	864	
5355	
5356	864	
5357	864	
5358	864	
5359	
5360	
5361	864	
5362	
5363	864	
5364	
5365	864	
5366	864	
5367	864	
5368	
5369	
5370	
5371	
5372	
5373	
5374	
5375	
5376	
5377	
5378	
5379	
5380	
5381	
5382	
5383	
5384	742	
5385	673	742	
5386	742	
5387	742	
5388	673	742	
5389	673	742	
5390	673	742	
5391	673	742	
5392	673	742	
5393	673	742	
5394	
5395	673	742	
5396	673	742	
5397	673	742	
5398	673	742	
5399	673	742	
5400	673	742	
5401	673	742	
5402	673	742	
5403	742	
5404	673	742	
5405	742	
5406	673	742	885	
5407	673	742	
5408	673	742	
5409	673	742	
5410	742	
5411	742	
5412	701	742	
5413	673	742	
5414	673	742	
5415	673	742	885	
5416	3	673	742	
5417	673	742	
5418	
5419	
5420	
5421	
5422	
5423	
5424	
5425	
5426	
5427	
5428	
5429	
5430	
5431	
5432	521	524	535	643	768	
5433	
5434	
5435	
5436	
5437	
5438	
5439	
5440	
5441	
5442	
5443	
5444	
5445	754	
5446	754	
5447	
5448	
5449	
5450	
5451	
5452	
5453	
5454	
5455	
5456	
5457	
5458	
5459	
5460	
5461	
5462	
5463	
5464	
5465	
5466	
5467	
5468	
5469	
5470	
5471	
5472	
5473	
5474	701	
5475	
5476	
5477	754	
5478	
5479	
5480	102	648	965	
5481	533	911	
5482	
5483	594	
5484	
5485	
5486	
5487	
5488	
5489	553	631	
5490	
5491	
5492	562	
5493	
5494	
5495	662	
5496	
5497	
5498	
5499	
5500	
5501	
5502	
5503	
5504	
5505	
5506	
5507	70	477	484	525	542	546	621	885	892	
5508	587	701	897	
5509	
5510	580	
5511	587	
5512	587	
5513	587	
5514	587	
5515	
5516	554	
5517	587	
5518	524	535	540	587	
5519	698	766	799	800	
5520	698	766	799	800	
5521	698	766	799	800	809	823	
5522	698	766	799	823	
5523	698	800	823	
5524	698	766	799	800	809	
5525	698	766	799	800	809	823	
5526	698	766	799	809	
5527	698	799	800	809	
5528	698	799	800	823	
5529	698	766	799	800	823	
5530	698	766	799	800	809	823	
5531	698	766	799	809	
5532	698	799	800	809	
5533	698	766	799	823	
5534	698	766	800	809	
5535	698	799	800	823	
5536	698	766	799	800	
5537	698	800	809	
5538	698	766	800	823	
5539	698	766	800	823	
5540	698	799	800	
5541	698	799	800	
5542	698	766	799	800	823	
5543	698	711	766	799	800	809	823	836	
5544	698	766	800	809	
5545	698	766	799	800	809	
5546	698	766	799	800	809	823	
5547	799	800	823	
5548	698	766	799	800	
5549	698	766	799	800	
5550	698	799	800	823	
5551	698	799	800	823	
5552	698	800	823	
5553	698	799	823	
5554	698	766	799	800	823	
5555	698	766	799	800	823	
5556	698	766	799	800	809	823	
5557	698	766	799	800	823	
5558	698	799	809	823	
5559	698	800	809	823	
5560	698	766	799	800	823	
5561	698	766	799	800	809	
5562	698	766	799	800	809	
5563	698	766	799	800	809	
5564	698	766	800	809	
5565	698	766	799	809	
5566	698	766	800	
5567	698	766	799	800	823	
5568	698	766	799	800	809	823	
5569	800	809	
5570	698	766	799	800	809	823	
5571	698	766	799	800	809	
5572	698	766	809	823	
5573	698	766	799	800	
5574	698	766	799	800	823	
5575	698	799	809	
5576	698	766	799	800	823	
5577	698	799	800	823	861	
5578	698	766	799	800	
5579	698	766	799	800	809	
5580	698	766	800	823	
5581	698	799	800	
5582	698	766	799	800	
5583	698	766	799	800	
5584	698	800	809	823	
5585	698	711	766	799	809	823	
5586	698	766	799	800	809	
5587	698	766	800	809	823	
5588	698	800	
5589	698	766	799	800	809	
5590	698	766	799	800	809	
5591	698	766	823	
5592	557	620	
5593	528	557	
5594	557	620	
5595	528	557	620	
5596	528	557	620	
5597	557	620	
5598	557	
5599	528	557	
5600	528	620	
5601	528	557	620	
5602	528	620	
5603	528	557	
5604	620	
5605	528	557	
5606	528	557	620	
5607	179	528	557	620	
5608	434	612	648	795	
5609	425	
5610	425	
5611	425	
5612	425	
5613	425	
5614	48	97	
5615	425	
5616	425	
5617	425	
5618	425	
5619	425	
5620	425	
5621	425	
5622	425	
5623	425	
5624	425	
5625	425	434	835	840	
5626	425	
5627	425	
5628	
5629	
5630	
5631	
5632	
5633	
5634	
5635	
5636	
5637	
5638	
5639	
5640	
5641	
5642	
5643	
5644	
5645	
5646	
5647	
5648	
5649	782	839	
5650	
5651	
5652	
5653	
5654	
5655	
5656	
5657	960	
5658	
5659	
5660	
5661	
5662	
5663	
5664	
5665	
5666	
5667	
5668	
5669	
5670	
5671	
5672	
5673	
5674	
5675	
5676	
5677	
5678	
5679	
5680	
5681	
5682	
5683	
5684	
5685	960	
5686	
5687	
5688	
5689	
5690	
5691	
5692	
5693	
5694	
5695	
5696	
5697	
5698	
5699	
5700	
5701	
5702	707	
5703	707	
5704	965	
5705	
5706	
5707	707	
5708	
5709	707	
5710	707	
5711	707	
5712	707	
5713	707	
5714	97	707	965	
5715	
5716	795	
5717	
5718	
5719	
5720	
5721	795	
5722	795	
5723	549	619	795	
5724	795	
5725	
5726	
5727	
5728	
5729	
5730	
5731	67	90	
5732	
5733	
5734	
5735	
5736	
5737	
5738	666	
5739	
5740	580	
5741	
5742	
5743	
5744	
5745	
5746	
5747	
5748	
5749	
5750	
5751	
5752	
5753	
5754	
5755	
5756	
5757	
5758	
5759	
5760	
5761	
5762	182	
5763	182	
5764	182	
5765	182	
5766	182	
5767	182	
5768	
5769	
5770	
5771	
5772	
5773	
5774	
5775	
5776	
5777	
5778	
5779	
5780	
5781	
5782	
5783	
5784	
5785	
5786	
5787	
5788	
5789	
5790	
5791	
5792	
5793	
5794	
5795	
5796	
5797	
5798	
5799	
5800	754	969	
5801	
5802	
5803	
5804	
5805	
5806	
5807	
5808	
5809	
5810	
5811	
5812	
5813	
5814	
5815	477	
5816	
5817	
5818	
5819	
5820	
5821	
5822	
5823	
5824	
5825	
5826	
5827	
5828	
5829	
5830	
5831	
5832	
5833	
5834	
5835	
5836	
5837	
5838	
5839	
5840	
5841	
5842	
5843	
5844	
5845	
5846	
5847	
5848	
5849	
5850	893	
5851	
5852	625	951	
5853	524	535	
5854	
5855	
5856	
5857	
5858	
5859	
5860	
5861	
5862	
5863	
5864	
5865	
5866	
5867	589	656	
5868	
5869	
5870	
5871	
5872	
5873	
5874	
5875	
5876	
5877	
5878	
5879	
5880	
5881	
5882	
5883	
5884	
5885	
5886	
5887	
5888	
5889	
5890	191	
5891	
5892	
5893	
5894	
5895	
5896	
5897	
5898	
5899	
5900	
5901	
5902	
5903	385	
5904	385	
5905	385	
5906	385	
5907	385	
5908	385	
5909	385	
5910	385	
5911	385	
5912	
5913	
5914	
5915	
5916	
5917	
5918	
5919	
5920	
5921	
5922	
5923	
5924	
5925	
5926	
5927	
5928	
5929	
5930	
5931	67	90	633	
5932	
5933	
5934	563	
5935	
5936	
5937	
5938	524	535	
5939	
5940	
5941	
5942	533	638	
5943	
5944	
5945	
5946	
5947	
5948	
5949	
5950	
5951	
5952	
5953	
5954	
5955	
5956	
5957	
5958	549	611	
5959	768	
5960	
5961	
5962	
5963	
5964	
5965	589	
5966	
5967	
5968	
5969	563	
5970	
5971	
5972	102	540	
5973	
5974	
5975	
5976	
5977	
5978	
5979	
5980	
5981	
5982	
5983	
5984	
5985	549	611	
5986	
5987	
5988	
5989	
5990	
5991	
5992	
5993	
5994	540	832	
5995	
5996	
5997	662	893	965	
5998	
5999	
6000	
6001	
6002	
6003	
6004	
6005	
6006	
6007	
6008	
6009	
6010	
6011	
6012	
6013	
6014	
6015	
6016	
6017	
6018	
6019	
6020	
6021	
6022	
6023	
6024	
6025	
6026	
6027	
6028	
6029	
6030	
6031	
6032	
6033	
6034	
6035	
6036	
6037	48	
6038	102	965	
6039	
6040	
6041	
6042	
6043	
6044	
6045	
6046	
6047	
6048	
6049	
6050	
6051	
6052	
6053	782	839	
6054	
6055	
6056	
6057	
6058	
6059	
6060	
6061	
6062	
6063	
6064	
6065	
6066	
6067	
6068	
6069	
6070	
6071	836	
6072	
6073	
6074	
6075	533	638	
6076	836	
6077	
6078	
6079	
6080	
6081	
6082	
6083	843	976	
6084	843	
6085	843	
6086	843	976	
6087	843	976	
6088	843	
6089	843	965	976	
6090	843	976	
6091	
6092	
6093	662	
6094	
6095	
6096	
6097	
6098	
6099	899	
6100	752	
6101	752	
6102	752	
6103	752	
6104	752	
6105	752	
6106	752	
6107	752	
6108	752	
6109	752	
6110	752	
6111	752	
6112	752	
6113	752	
6114	752	
6115	752	
6116	
6117	
6118	
6119	
6120	
6121	
6122	
6123	70	611	
6124	
6125	
6126	
6127	
6128	711	831	
6129	
6130	
6131	
6132	
6133	
6134	
6135	
6136	
6137	
6138	
6139	
6140	
6141	
6142	
6143	
6144	
6145	
6146	
6147	770	782	839	
6148	
6149	
6150	
6151	
6152	
6153	
6154	
6155	
6156	
6157	
6158	
6159	260	333	335	808	
6160	
6161	768	
6162	
6163	
6164	
6165	
6166	
6167	
6168	
6169	
6170	
6171	
6172	
6173	671	
6174	
6175	671	
6176	671	
6177	
6178	671	
6179	671	
6180	
6181	671	
6182	671	
6183	671	
6184	
6185	671	
6186	671	
6187	
6188	671	
6189	
6190	671	
6191	671	
6192	
6193	
6194	
6195	671	
6196	671	
6197	671	
6198	
6199	553	
6200	671	
6201	671	
6202	671	
6203	
6204	671	
6205	671	
6206	832	
6207	832	
6208	832	
6209	832	
6210	832	
6211	832	
6212	832	
6213	832	
6214	
6215	832	
6216	832	
6217	832	
6218	
6219	832	
6220	832	
6221	832	
6222	832	
6223	
6224	832	
6225	832	
6226	832	
6227	
6228	832	
6229	574	606	832	
6230	832	
6231	832	
6232	
6233	135	
6234	135	
6235	135	
6236	135	
6237	135	
6238	135	
6239	135	
6240	892	
6241	892	
6242	892	
6243	892	
6244	
6245	892	
6246	892	
6247	892	
6248	892	
6249	892	
6250	
6251	892	
6252	892	
6253	
6254	892	
6255	892	
6256	892	
6257	
6258	892	
6259	892	
6260	
6261	892	
6262	892	
6263	
6264	892	
6265	892	
6266	
6267	
6268	
6269	
6270	
6271	
6272	
6273	
6274	
6275	
6276	
6277	
6278	
6279	
6280	
6281	
6282	
6283	
6284	
6285	
6286	
6287	
6288	861	
6289	861	
6290	
6291	
6292	
6293	
6294	
6295	
6296	
6297	
6298	
6299	
6300	
6301	
6302	
6303	
6304	
6305	
6306	
6307	
6308	
6309	
6310	
6311	
6312	67	580	659	665	
6313	
6314	
6315	885	
6316	
6317	
6318	896	
6319	
6320	
6321	
6322	
6323	
6324	
6325	
6326	
6327	
6328	
6329	
6330	
6331	
6332	
6333	
6334	
6335	
6336	
6337	
6338	
6339	
6340	
6341	
6342	
6343	
6344	
6345	
6346	
6347	
6348	
6349	
6350	
6351	
6352	
6353	
6354	
6355	
6356	
6357	
6358	
6359	
6360	
6361	
6362	
6363	
6364	
6365	
6366	861	
6367	861	
6368	861	
6369	861	
6370	861	
6371	625	
6372	
6373	
6374	
6375	
6376	
6377	
6378	
6379	
6380	
6381	
6382	
6383	
6384	
6385	
6386	650	
6387	
6388	
6389	
6390	
6391	
6392	768	
6393	
6394	
6395	
6396	
6397	
6398	
6399	
6400	
6401	
6402	
6403	
6404	891	924	
6405	738	782	839	
6406	
6407	
6408	
6409	
6410	
6411	
6412	574	
6413	
6414	
6415	
6416	
6417	
6418	
6419	
6420	
6421	
6422	
6423	
6424	
6425	
6426	
6427	
6428	
6429	
6430	
6431	
6432	
6433	
6434	
6435	
6436	
6437	
6438	
6439	
6440	
6441	
6442	
6443	
6444	
6445	
6446	
6447	
6448	
6449	
6450	
6451	
6452	
6453	
6454	
6455	
6456	
6457	
6458	
6459	
6460	
6461	
6462	
6463	260	335	808	
6464	
6465	
6466	
6467	
6468	
6469	
6470	
6471	
6472	
6473	
6474	
6475	
6476	
6477	
6478	
6479	
6480	
6481	
6482	
6483	
6484	
6485	
6486	
6487	
6488	
6489	
6490	
6491	
6492	
6493	
6494	
6495	
6496	
6497	
6498	
6499	
6500	
6501	
6502	
6503	
6504	738	
6505	
6506	
6507	
6508	
6509	
6510	
6511	
6512	
6513	
6514	
6515	
6516	872	
6517	
6518	
6519	
6520	
6521	
6522	
6523	
6524	
6525	
6526	
6527	
6528	
6529	
6530	
6531	
6532	
6533	
6534	
6535	
6536	
6537	
6538	
6539	
6540	
6541	
6542	
6543	
6544	
6545	
6546	
6547	
6548	
6549	
6550	
6551	
6552	
6553	
6554	
6555	
6556	
6557	
6558	
6559	
6560	
6561	
6562	
6563	
6564	
6565	
6566	
6567	
6568	
6569	
6570	
6571	
6572	
6573	
6574	
6575	
6576	
6577	
6578	260	333	335	808	
6579	260	333	335	808	
6580	260	333	335	
6581	260	333	335	808	
6582	260	333	808	
6583	260	335	808	
6584	260	333	335	808	
6585	260	333	335	808	
6586	260	
6587	260	333	808	
6588	260	335	808	
6589	260	335	808	
6590	260	333	335	
6591	260	333	335	808	
6592	260	335	808	
6593	260	333	335	808	
6594	260	333	335	
6595	260	333	335	808	
6596	260	333	335	
6597	333	335	808	
6598	260	333	335	808	
6599	260	335	808	
6600	260	335	808	
6601	260	333	335	808	
6602	260	333	335	
6603	260	333	335	808	
6604	260	335	
6605	260	333	335	
6606	260	333	335	808	
6607	260	333	335	
6608	260	333	335	
6609	260	333	335	808	
6610	260	333	335	808	
6611	260	333	335	808	
6612	260	333	335	808	
6613	260	333	335	808	
6614	260	333	335	
6615	260	333	335	808	
6616	260	333	335	808	
6617	260	333	335	808	
6618	260	333	335	808	
6619	260	333	335	808	
6620	260	333	335	
6621	260	335	808	
6622	260	333	335	
6623	260	335	808	
6624	
6625	868	
6626	720	
6627	720	
6628	
6629	
6630	
6631	
6632	
6633	
6634	
6635	
6636	
6637	
6638	
6639	
6640	
6641	533	638	
6642	533	
6643	533	
6644	
6645	533	638	
6646	533	638	
6647	533	638	
6648	533	
6649	533	
6650	533	638	
6651	533	638	
6652	
6653	533	638	
6654	
6655	533	638	
6656	533	638	
6657	
6658	
6659	533	
6660	533	
6661	533	638	
6662	533	
6663	533	638	
6664	638	
6665	533	638	
6666	533	638	
6667	533	
6668	533	638	
6669	638	
6670	
6671	533	638	
6672	533	638	
6673	533	
6674	
6675	
6676	835	840	
6677	
6678	
6679	
6680	896	
6681	896	
6682	
6683	896	
6684	896	
6685	896	
6686	896	
6687	642	
6688	612	642	
6689	642	
6690	
6691	642	
6692	642	
6693	612	
6694	642	
6695	612	
6696	
6697	
6698	
6699	
6700	
6701	563	
6702	
6703	
6704	
6705	
6706	
6707	
6708	
6709	
6710	
6711	
6712	
6713	
6714	
6715	
6716	
6717	
6718	
6719	
6720	375	407	
6721	375	407	
6722	375	
6723	375	407	
6724	375	
6725	
6726	
6727	
6728	
6729	
6730	
6731	
6732	
6733	
6734	
6735	
6736	
6737	
6738	
6739	
6740	951	
6741	
6742	951	
6743	951	
6744	951	
6745	951	
6746	951	
6747	951	
6748	951	
6749	951	
6750	951	
6751	
6752	594	951	
6753	665	814	
6754	951	
6755	
6756	
6757	
6758	
6759	
6760	191	230	
6761	191	
6762	191	
6763	97	
6764	97	
6765	97	
6766	97	
6767	70	97	
6768	97	
6769	97	
6770	
6771	
6772	
6773	
6774	
6775	
6776	
6777	
6778	
6779	
6780	
6781	
6782	
6783	
6784	
6785	
6786	
6787	
6788	
6789	
6790	827	
6791	827	
6792	
6793	
6794	
6795	827	
6796	827	
6797	827	
6798	
6799	827	
6800	827	
6801	782	827	839	
6802	
6803	
6804	
6805	
6806	
6807	
6808	
6809	
6810	
6811	
6812	
6813	
6814	
6815	
6816	
6817	
6818	
6819	
6820	
6821	
6822	
6823	
6824	
6825	
6826	
6827	
6828	
6829	
6830	
6831	
6832	
6833	
6834	
6835	
6836	
6837	
6838	
6839	
6840	
6841	
6842	
6843	
6844	
6845	
6846	611	
6847	
6848	
6849	
6850	
6851	
6852	
6853	
6854	
6855	
6856	
6857	
6858	
6859	
6860	
6861	
6862	
6863	3	
6864	
6865	
6866	
6867	
6868	477	484	
6869	477	
6870	477	
6871	
6872	
6873	
6874	477	
6875	477	
6876	477	497	
6877	477	
6878	419	477	
6879	477	
6880	477	484	
6881	477	
6882	477	
6883	477	484	
6884	524	535	
6885	477	484	
6886	477	484	
6887	
6888	
6889	
6890	
6891	
6892	
6893	
6894	
6895	
6896	
6897	
6898	
6899	
6900	
6901	
6902	
6903	
6904	
6905	
6906	
6907	
6908	
6909	
6910	
6911	
6912	
6913	
6914	
6915	
6916	
6917	
6918	
6919	
6920	
6921	
6922	
6923	
6924	
6925	
6926	
6927	
6928	
6929	
6930	
6931	
6932	
6933	
6934	
6935	
6936	
6937	419	527	
6938	
6939	
6940	
6941	
6942	
6943	
6944	
6945	524	535	
6946	
6947	
6948	
6949	
6950	
6951	67	70	90	
6952	
6953	
6954	
6955	
6956	
6957	
6958	
6959	
6960	
6961	
6962	
6963	
6964	
6965	
6966	
6967	
6968	
6969	
6970	
6971	
6972	
6973	
6974	70	
6975	
6976	
6977	
6978	
6979	
6980	
6981	
6982	
6983	
6984	
6985	
6986	
6987	
6988	
6989	
6990	
6991	
6992	
6993	
6994	
6995	
6996	
6997	
6998	
6999	
7000	
7001	
7002	
7003	
7004	
7005	
7006	
7007	
7008	
7009	
7010	
7011	
7012	
7013	
7014	
7015	
7016	
7017	
7018	
7019	
7020	
7021	
7022	
7023	
7024	
7025	
7026	
7027	
7028	
7029	
7030	497	
7031	
7032	67	90	603	
7033	67	
7034	90	
7035	67	
7036	67	90	
7037	67	
7038	67	90	
7039	754	
7040	67	90	
7041	67	90	
7042	67	90	
7043	
7044	67	
7045	67	90	
7046	67	
7047	
7048	67	558	584	
7049	67	
7050	67	90	
7051	67	
7052	67	
7053	
7054	
7055	
7056	580	615	
7057	
7058	
7059	
7060	
7061	
7062	
7063	
7064	
7065	805	
7066	
7067	
7068	
7069	
7070	
7071	
7072	
7073	
7074	
7075	
7076	
7077	
7078	
7079	
7080	
7081	562	
7082	
7083	62	
7084	
7085	
7086	
7087	
7088	
7089	
7090	
7091	
7092	
7093	
7094	
7095	
7096	
7097	
7098	
7099	
7100	
7101	891	
7102	
7103	
7104	
7105	
7106	
7107	
7108	
7109	
7110	
7111	
7112	
7113	
7114	
7115	
7116	
7117	
7118	
7119	891	
7120	
7121	
7122	
7123	
7124	
7125	
7126	
7127	
7128	
7129	
7130	
7131	
7132	
7133	
7134	
7135	
7136	743	
7137	743	
7138	
7139	
7140	
7141	
7142	
7143	
7144	
7145	836	
7146	836	
7147	
7148	
7149	
7150	
7151	
7152	836	
7153	
7154	
7155	836	
7156	
7157	836	
7158	
7159	836	
7160	
7161	836	
7162	
7163	836	
7164	
7165	836	
7166	
7167	
7168	
7169	836	
7170	836	
7171	836	
7172	836	
7173	836	
7174	
7175	711	836	
7176	836	
7177	
7178	836	
7179	
7180	836	
7181	
7182	836	
7183	
7184	
7185	836	
7186	791	836	
7187	836	
7188	
7189	
7190	
7191	
7192	
7193	
7194	
7195	
7196	
7197	
7198	
7199	
7200	
7201	
7202	
7203	
7204	
7205	
7206	
7207	891	
7208	891	
7209	
7210	891	
7211	891	
7212	891	
7213	891	
7214	891	
7215	891	
7216	891	
7217	891	
7218	891	
7219	891	
7220	
7221	891	
7222	891	
7223	891	
7224	891	
7225	891	
7226	891	
7227	891	
7228	891	
7229	891	
7230	891	
7231	891	
7232	891	
7233	
7234	891	
7235	891	
7236	
7237	891	
7238	891	
7239	891	
7240	891	
7241	891	
7242	891	
7243	891	
7244	
7245	891	
7246	891	
7247	
7248	891	
7249	891	
7250	891	
7251	891	
7252	891	
7253	891	
7254	891	
7255	891	
7256	891	
7257	891	
7258	
7259	891	
7260	891	
7261	891	
7262	891	
7263	
7264	891	
7265	891	
7266	891	
7267	891	
7268	891	
7269	891	
7270	891	
7271	891	
7272	891	
7273	
7274	891	
7275	891	
7276	891	
7277	891	
7278	891	
7279	891	
7280	891	
7281	
7282	891	
7283	891	
7284	891	
7285	891	
7286	
7287	891	
7288	891	
7289	
7290	891	
7291	891	
7292	891	
7293	
7294	
7295	
7296	
7297	
7298	
7299	
7300	
7301	
7302	
7303	
7304	
7305	
7306	
7307	
7308	
7309	
7310	
7311	
7312	
7313	
7314	
7315	
7316	
7317	
7318	
7319	
7320	
7321	
7322	
7323	
7324	
7325	
7326	
7327	
7328	
7329	
7330	
7331	
7332	
7333	
7334	
7335	
7336	
7337	
7338	
7339	
7340	
7341	
7342	
7343	
7344	
7345	
7346	
7347	
7348	
7349	
7350	
7351	
7352	
7353	
7354	
7355	
7356	
7357	
7358	
7359	
7360	
7361	
7362	
7363	
7364	
7365	
7366	
7367	
7368	
7369	
7370	
7371	
7372	
7373	
7374	
7375	
7376	
7377	
7378	
7379	
7380	
7381	
7382	
7383	
7384	
7385	
7386	
7387	
7388	
7389	
7390	
7391	738	
7392	
7393	
7394	
7395	
7396	
7397	
7398	
7399	
7400	
7401	
7402	
7403	
7404	
7405	
7406	
7407	
7408	
7409	102	562	
7410	
7411	510	
7412	
7413	
7414	
7415	
7416	
7417	102	
7418	
7419	
7420	
7421	
7422	
7423	
7424	
7425	
7426	
7427	
7428	
7429	
7430	
7431	
7432	
7433	
7434	
7435	
7436	
7437	
7438	
7439	
7440	
7441	
7442	
7443	
7444	
7445	
7446	
7447	
7448	648	
7449	
7450	
7451	
7452	
7453	
7454	
7455	
7456	
7457	
7458	
7459	
7460	
7461	
7462	
7463	
7464	
7465	
7466	
7467	
7468	
7469	562	
7470	525	542	
7471	525	542	546	621	
7472	542	546	
7473	525	542	
7474	525	542	546	621	
7475	525	542	
7476	525	542	
7477	525	542	621	
7478	525	542	621	
7479	
7480	542	546	621	
7481	525	542	
7482	525	542	546	621	
7483	546	621	
7484	701	
7485	701	
7486	701	
7487	701	
7488	497	701	
7489	701	
7490	701	
7491	701	
7492	701	
7493	701	
7494	701	
7495	701	
7496	701	
7497	701	
7498	701	
7499	701	
7500	701	
7501	701	
7502	665	701	
7503	701	
7504	701	
7505	701	
7506	701	
7507	670	
7508	
7509	670	
7510	670	
7511	
7512	
7513	
7514	
7515	
7516	
7517	
7518	
7519	
7520	
7521	
7522	885	
7523	885	
7524	885	
7525	885	
7526	885	
7527	
7528	885	
7529	885	
7530	
7531	885	
7532	
7533	885	
7534	885	
7535	885	
7536	885	
7537	885	
7538	885	
7539	885	
7540	
7541	885	
7542	
7543	
7544	885	
7545	
7546	
7547	
7548	885	
7549	
7550	885	
7551	885	
7552	615	
7553	885	
7554	885	
7555	885	
7556	
7557	
7558	885	
7559	
7560	885	
7561	885	
7562	885	
7563	885	
7564	
7565	
7566	
7567	
7568	
7569	
7570	
7571	
7572	
7573	
7574	
7575	
7576	
7577	
7578	
7579	
7580	
7581	738	
7582	
7583	738	
7584	
7585	
7586	
7587	589	
7588	
7589	589	
7590	589	
7591	589	
7592	589	
7593	589	
7594	589	
7595	589	
7596	589	
7597	
7598	589	
7599	589	
7600	589	
7601	589	
7602	589	
7603	589	
7604	
7605	589	
7606	589	
7607	589	
7608	
7609	272	302	
7610	
7611	302	
7612	
7613	
7614	957	
7615	860	957	
7616	
7617	860	957	
7618	
7619	952	969	
7620	952	969	
7621	969	
7622	
7623	969	
7624	952	969	
7625	952	969	
7626	931	
7627	931	
7628	931	
7629	931	
7630	931	
7631	931	
7632	931	
7633	
7634	
7635	
7636	
7637	
7638	
7639	
7640	
7641	
7642	
7643	
7644	
7645	
7646	
7647	
7648	
7649	
7650	
7651	
7652	
7653	872	
7654	
7655	
7656	
7657	
7658	
7659	
7660	
7661	
7662	
7663	
7664	
7665	
7666	
7667	553	631	
7668	
7669	
7670	
7671	
7672	791	
7673	
7674	
7675	
7676	
7677	
7678	
7679	
7680	
7681	
7682	
7683	
7684	
7685	
7686	
7687	
7688	
7689	
7690	
7691	
7692	
7693	
7694	
7695	
7696	
7697	
7698	
7699	
7700	
7701	
7702	
7703	
7704	
7705	
7706	
7707	
7708	
7709	
7710	
7711	
7712	
7713	
7714	
7715	
7716	
7717	
7718	
7719	
7720	
7721	
7722	730	
7723	
7724	
7725	
7726	580	648	
7727	
7728	
7729	
7730	
7731	
7732	
7733	
7734	
7735	
7736	
7737	
7738	
7739	
7740	
7741	
7742	
7743	
7744	
7745	
7746	
7747	
7748	
7749	
7750	
7751	
7752	
7753	
7754	
7755	434	
7756	
7757	814	
7758	814	
7759	
7760	814	
7761	434	814	
7762	814	
7763	
7764	
7765	
7766	
7767	
7768	
7769	
7770	
7771	
7772	
7773	
7774	
7775	
7776	
7777	805	911	
7778	
7779	
7780	
7781	
7782	
7783	
7784	
7785	
7786	
7787	
7788	
7789	
7790	
7791	
7792	
7793	
7794	
7795	
7796	
7797	
7798	
7799	
7800	
7801	
7802	
7803	665	
7804	665	
7805	665	
7806	
7807	665	
7808	665	
7809	665	
7810	665	
7811	665	
7812	665	
7813	665	
7814	
7815	
7816	665	
7817	665	965	
7818	665	
7819	
7820	665	
7821	665	
7822	665	
7823	665	
7824	665	
7825	665	
7826	665	
7827	665	
7828	665	
7829	665	
7830	695	
7831	695	
7832	
7833	
7834	695	
7835	695	
7836	
7837	
7838	
7839	
7840	
7841	
7842	
7843	
7844	
7845	
7846	
7847	
7848	
7849	
7850	
7851	
7852	
7853	
7854	
7855	
7856	
7857	
7858	
7859	
7860	
7861	
7862	
7863	
7864	
7865	
7866	
7867	
7868	
7869	
7870	
7871	
7872	
7873	
7874	
7875	
7876	
7877	
7878	
7879	
7880	
7881	
7882	
7883	
7884	
7885	
7886	
7887	
7888	
7889	
7890	
7891	
7892	
7893	
7894	
7895	
7896	
7897	
7898	
7899	754	
7900	
7901	
7902	
7903	
7904	
7905	
7906	
7907	
7908	
7909	
7910	
7911	
7912	
7913	
7914	
7915	
7916	
7917	
7918	
7919	
7920	
7921	656	662	
7922	
7923	
7924	
7925	
7926	
7927	
7928	
7929	
7930	
7931	
7932	
7933	
7934	
7935	
7936	
7937	
7938	754	
7939	
7940	
7941	
7942	
7943	
7944	
7945	48	754	
7946	
7947	
7948	
7949	
7950	
7951	
7952	
7953	
7954	
7955	
7956	
7957	
7958	
7959	
7960	
7961	
7962	
7963	
7964	
7965	
7966	
7967	
7968	
7969	
7970	
7971	
7972	
7973	
7974	
7975	
7976	374	388	
7977	
7978	
7979	
7980	
7981	
7982	
7983	
7984	
7985	
7986	
7987	
7988	
7989	
7990	
7991	
7992	
7993	
7994	
7995	
7996	
7997	
7998	
7999	
8000	
8001	
8002	
8003	
8004	
8005	
8006	
8007	70	
8008	
8009	
8010	
8011	
8012	
8013	
8014	
8015	
8016	
8017	
8018	
8019	
8020	712	
8021	
8022	
8023	
8024	
8025	
8026	
8027	
8028	
8029	
8030	
8031	
8032	
8033	
8034	
8035	
8036	
8037	
8038	940	
8039	
8040	
8041	
8042	
8043	
8044	
8045	
8046	
8047	
8048	
8049	
8050	
8051	
8052	
8053	
8054	
8055	
8056	
8057	
8058	
8059	
8060	
8061	
8062	
8063	
8064	
8065	
8066	
8067	835	
8068	
8069	
8070	
8071	
8072	
8073	
8074	
8075	
8076	
8077	
8078	
8079	
8080	
8081	
8082	
8083	
8084	
8085	
8086	712	
8087	712	
8088	712	
8089	
8090	
8091	712	
8092	712	
8093	712	
8094	
8095	
8096	
8097	
8098	
8099	
8100	
8101	
8102	
8103	
8104	
8105	
8106	434	
8107	
8108	
8109	
8110	
8111	
8112	
8113	
8114	
8115	
8116	
8117	
8118	
8119	
8120	
8121	
8122	
8123	
8124	
8125	
8126	
8127	
8128	
8129	
8130	
8131	
8132	
8133	
8134	
8135	
8136	
8137	
8138	
8139	
8140	
8141	911	
8142	
8143	911	
8144	
8145	911	
8146	911	
8147	911	
8148	911	
8149	911	
8150	911	
8151	911	
8152	
8153	911	
8154	911	
8155	
8156	911	
8157	
8158	911	
8159	911	
8160	
8161	
8162	
8163	
8164	
8165	
8166	
8167	
8168	
8169	
8170	
8171	
8172	
8173	
8174	
8175	
8176	
8177	754	
8178	
8179	
8180	
8181	839	
8182	782	839	
8183	782	
8184	839	
8185	782	839	
8186	839	
8187	782	
8188	
8189	893	
8190	
8191	
8192	782	839	
8193	782	839	
8194	230	
8195	230	
8196	230	
8197	230	
8198	230	
8199	230	
8200	230	
8201	230	
8202	230	
8203	230	
8204	
8205	
8206	
8207	
8208	
8209	
8210	
8211	
8212	
8213	549	611	
8214	611	
8215	549	
8216	611	
8217	549	611	
8218	611	
8219	
8220	549	611	
8221	611	
8222	611	
8223	549	611	
8224	611	
8225	549	611	
8226	549	611	
8227	549	611	
8228	549	611	
8229	611	
8230	549	
8231	549	611	
8232	611	
8233	611	
8234	549	
8235	549	611	
8236	549	611	
8237	611	
8238	549	611	
8239	549	611	
8240	549	574	606	611	
8241	549	
8242	549	611	
8243	611	
8244	549	611	
8245	611	
8246	611	
8247	549	611	
8248	549	611	
8249	549	611	
8250	611	773	
8251	549	
8252	
8253	611	
8254	553	611	631	
8255	549	611	
8256	
8257	
8258	
8259	
8260	
8261	
8262	
8263	
8264	
8265	
8266	
8267	
8268	
8269	
8270	
8271	
8272	
8273	
8274	
8275	
8276	
8277	
8278	
8279	
8280	
8281	
8282	
8283	
8284	
8285	
8286	
8287	
8288	
8289	
8290	
8291	
8292	102	
8293	70	
8294	
8295	
8296	
8297	
8298	
8299	908	
8300	908	
8301	908	
8302	908	
8303	908	
8304	908	
8305	908	
8306	
8307	
8308	
8309	
8310	908	
8311	908	
8312	
8313	908	
8314	908	
8315	908	
8316	
8317	908	
8318	908	
8319	908	
8320	908	
8321	524	535	
8322	
8323	908	
8324	908	
8325	908	
8326	908	
8327	
8328	908	
8329	908	
8330	908	
8331	908	
8332	48	
8333	48	
8334	
8335	
8336	48	
8337	48	
8338	48	
8339	
8340	
8341	
8342	
8343	
8344	
8345	
8346	
8347	
8348	
8349	
8350	
8351	
8352	
8353	
8354	
8355	893	
8356	893	
8357	893	
8358	893	
8359	893	
8360	
8361	
8362	
8363	
8364	
8365	
8366	
8367	
8368	
8369	
8370	
8371	922	
8372	
8373	
8374	
8375	
8376	
8377	
8378	
8379	
8380	
8381	
8382	
8383	
8384	
8385	
8386	
8387	
8388	
8389	
8390	
8391	
8392	
8393	
8394	
8395	
8396	730	
8397	
8398	
8399	
8400	
8401	580	
8402	
8403	
8404	
8405	
8406	
8407	
8408	
8409	
8410	
8411	
8412	
8413	
8414	
8415	
8416	
8417	
8418	
8419	
8420	
8421	
8422	
8423	
8424	
8425	
8426	
8427	
8428	
8429	
8430	
8431	
8432	
8433	
8434	
8435	
8436	
8437	
8438	
8439	
8440	
8441	625	
8442	
8443	
8444	
8445	
8446	
8447	
8448	
8449	
8450	
8451	
8452	
8453	
8454	
8455	
8456	
8457	
8458	
8459	
8460	
8461	
8462	
8463	
8464	
8465	
8466	
8467	
8468	
8469	
8470	
8471	
8472	
8473	
8474	434	
8475	
8476	
8477	
8478	
8479	
8480	
8481	
8482	
8483	
8484	
8485	
8486	
8487	
8488	
8489	
8490	
8491	
8492	
8493	
8494	
8495	
8496	
8497	
8498	
8499	
8500	70	
8501	
8502	
8503	
8504	
8505	
8506	
8507	
8508	
8509	
8510	
8511	
8512	
8513	
8514	
8515	
8516	
8517	
8518	
8519	
8520	
8521	
8522	
8523	
8524	
8525	
8526	
8527	
8528	
8529	
8530	
8531	
8532	
8533	
8534	
8535	
8536	
8537	
8538	
8539	
8540	
8541	711	
8542	
8543	
8544	711	
8545	563	711	965	
8546	941	
8547	179	
8548	179	
8549	179	
8550	179	
8551	179	
8552	179	
8553	179	
8554	179	
8555	179	
8556	179	
8557	179	
8558	179	
8559	179	
8560	179	
8561	179	
8562	179	
8563	179	
8564	179	
8565	
8566	
8567	
8568	
8569	
8570	
8571	
8572	
8573	
8574	
8575	
8576	835	840	
8577	
8578	
8579	
8580	
8581	
8582	
8583	
8584	
8585	
8586	
8587	754	
8588	
8589	
8590	
8591	
8592	
8593	
8594	
8595	
8596	
8597	
8598	
8599	
8600	
8601	
8602	
8603	
8604	
8605	
8606	
8607	
8608	
8609	
8610	
8611	
8612	
8613	
8614	
8615	
8616	
8617	
8618	
8619	
8620	
8621	
8622	643	
8623	
8624	
8625	
8626	
8627	
8628	
8629	
8630	
8631	
8632	
8633	
8634	
8635	
8636	
8637	
8638	
8639	
8640	
8641	
8642	
8643	
8644	
8645	
8646	
8647	
8648	
8649	
8650	
8651	
8652	
8653	
8654	558	584	
8655	558	
8656	558	584	
8657	558	584	
8658	558	
8659	558	584	
8660	558	584	
8661	558	584	
8662	558	
8663	558	584	
8664	558	584	
8665	558	
8666	558	584	
8667	730	
8668	730	
8669	730	
8670	730	
8671	
8672	
8673	
8674	
8675	730	
8676	730	835	840	
8677	
8678	
8679	
8680	
8681	
8682	
8683	
8684	
8685	
8686	
8687	
8688	
8689	
8690	
8691	
8692	
8693	
8694	
8695	
8696	
8697	
8698	
8699	
8700	484	
8701	
8702	
8703	
8704	
8705	
8706	
8707	773	
8708	773	
8709	773	
8710	
8711	
8712	
8713	
8714	960	
8715	924	
8716	924	
8717	924	
8718	924	
8719	924	
8720	924	
8721	
8722	924	
8723	924	
8724	924	
8725	924	
8726	924	
8727	924	
8728	924	
8729	924	
8730	924	
8731	924	
8732	
8733	563	
8734	924	
8735	
8736	924	
8737	924	
8738	924	
8739	924	
8740	924	
8741	924	
8742	
8743	
8744	
8745	
8746	
8747	
8748	
8749	
8750	
8751	
8752	
8753	
8754	
8755	
8756	
8757	
8758	
8759	
8760	
8761	
8762	
8763	
8764	
8765	
8766	
8767	
8768	
8769	
8770	
8771	
8772	
8773	
8774	
8775	
8776	
8777	
8778	
8779	
8780	
8781	
8782	
8783	
8784	
8785	
8786	
8787	
8788	
8789	
8790	
8791	
8792	
8793	
8794	
8795	
8796	
8797	
8798	
8799	
8800	
8801	
8802	
8803	
8804	
8805	
8806	
8807	
8808	
8809	
8810	
8811	
8812	
8813	
8814	
8815	
8816	
8817	
8818	
8819	
8820	
8821	
8822	
8823	
8824	
8825	
8826	
8827	
8828	960	
8829	
8830	
8831	
8832	554	630	
8833	
8834	
8835	
8836	
8837	
8838	
8839	
8840	
8841	
8842	625	
8843	693	
8844	
8845	
8846	
8847	
8848	
8849	
8850	
8851	
8852	
8853	
8854	
8855	
8856	
8857	
8858	
8859	
8860	
8861	
8862	
8863	
8864	
8865	
8866	
8867	
8868	
8869	606	
8870	574	606	
8871	574	
8872	574	606	
8873	
8874	574	
8875	574	606	
8876	574	606	
8877	574	606	
8878	574	
8879	574	606	
8880	606	
8881	574	872	
8882	606	
8883	574	606	
8884	574	
8885	574	
8886	
8887	574	606	
8888	574	606	
8889	574	606	
8890	606	
8891	
8892	
8893	
8894	
8895	
8896	
8897	
8898	70	
8899	
8900	
8901	960	
8902	
8903	
8904	
8905	
8906	
8907	
8908	
8909	
8910	
8911	
8912	
8913	
8914	
8915	
8916	
8917	
8918	
8919	
8920	
8921	805	
8922	
8923	
8924	
8925	
8926	
8927	
8928	
8929	
8930	
8931	
8932	
8933	
8934	
8935	
8936	
8937	
8938	
8939	566	575	667	
8940	
8941	
8942	
8943	
8944	
8945	918	
8946	
8947	
8948	
8949	
8950	
8951	
8952	
8953	
8954	
8955	
8956	
8957	
8958	
8959	
8960	
8961	
8962	
8963	
8964	
8965	
8966	70	
8967	
8968	
8969	
8970	
8971	
8972	
8973	
8974	
8975	
8976	
8977	
8978	70	
8979	
8980	
8981	625	
8982	625	
8983	625	
8984	625	
8985	625	
8986	625	
8987	625	
8988	625	
8989	625	835	840	965	
8990	625	
8991	625	
8992	
8993	
8994	
8995	
8996	
8997	
8998	
8999	
9000	
9001	
9002	
9003	
9004	
9005	
9006	
9007	
9008	
9009	
9010	
9011	
9012	
9013	
9014	
9015	
9016	
9017	
9018	
9019	
9020	
9021	
9022	
9023	
9024	
9025	
9026	
9027	
9028	
9029	
9030	
9031	
9032	
9033	
9034	
9035	
9036	
9037	
9038	
9039	
9040	
9041	
9042	
9043	
9044	
9045	
9046	
9047	
9048	
9049	
9050	
9051	
9052	
9053	693	
9054	
9055	
9056	
9057	693	
9058	693	
9059	
9060	
9061	
9062	
9063	
9064	
9065	
9066	
9067	
9068	
9069	
9070	
9071	
9072	
9073	
9074	
9075	
9076	
9077	754	
9078	
9079	
9080	
9081	
9082	
9083	
9084	
9085	
9086	
9087	
9088	
9089	
9090	
9091	
9092	
9093	
9094	
9095	
9096	
9097	
9098	
9099	
9100	
9101	
9102	
9103	
9104	
9105	
9106	
9107	
9108	
9109	
9110	
9111	
9112	
9113	
9114	
9115	
9116	
9117	
9118	
9119	
9120	
9121	
9122	
9123	
9124	
9125	
9126	
9127	
9128	
9129	
9130	
9131	
9132	
9133	
9134	
9135	
9136	
9137	
9138	
9139	
9140	
9141	
9142	
9143	
9144	
9145	
9146	
9147	
9148	
9149	
9150	
9151	
9152	
9153	
9154	
9155	
9156	
9157	
9158	
9159	
9160	
9161	
9162	553	631	
9163	
9164	
9165	
9166	
9167	
9168	
9169	
9170	
9171	
9172	
9173	
9174	
9175	
9176	
9177	
9178	
9179	
9180	
9181	
9182	
9183	
9184	
9185	659	
9186	659	
9187	659	
9188	659	
9189	
9190	
9191	
9192	659	
9193	
9194	659	
9195	659	
9196	659	
9197	
9198	659	
9199	
9200	
9201	
9202	
9203	
9204	
9205	
9206	
9207	
9208	
9209	
9210	
9211	
9212	
9213	
9214	
9215	
9216	
9217	
9218	
9219	
9220	
9221	
9222	
9223	
9224	656	662	
9225	656	
9226	662	
9227	656	662	
9228	656	662	
9229	
9230	656	662	
9231	656	
9232	662	
9233	
9234	656	662	
9235	656	
9236	662	
9237	656	662	
9238	
9239	662	
9240	656	662	
9241	662	
9242	656	662	
9243	662	
9244	662	
9245	662	
9246	656	662	
9247	656	
9248	656	662	
9249	656	
9250	656	662	
9251	662	
9252	662	
9253	656	
9254	656	
9255	656	662	
9256	662	
9257	656	662	
9258	656	
9259	
9260	662	
9261	
9262	656	662	
9263	656	
9264	656	662	
9265	656	662	
9266	656	
9267	656	662	
9268	662	
9269	656	662	
9270	
9271	656	662	
9272	656	662	
9273	656	
9274	
9275	
9276	
9277	
9278	
9279	
9280	
9281	
9282	
9283	
9284	
9285	
9286	
9287	
9288	
9289	
9290	79	
9291	
9292	
9293	
9294	
9295	
9296	
9297	
9298	
9299	510	
9300	510	
9301	510	
9302	
9303	510	
9304	
9305	510	
9306	
9307	
9308	
9309	
9310	
9311	
9312	
9313	
9314	
9315	
9316	
9317	
9318	
9319	
9320	
9321	
9322	
9323	
9324	
9325	
9326	
9327	
9328	
9329	
9330	
9331	
9332	
9333	
9334	
9335	
9336	
9337	
9338	543	650	
9339	
9340	
9341	
9342	
9343	
9344	
9345	
9346	
9347	630	
9348	
9349	
9350	
9351	
9352	
9353	
9354	
9355	
9356	
9357	
9358	
9359	
9360	
9361	
9362	
9363	
9364	
9365	
9366	
9367	
9368	
9369	
9370	
9371	
9372	
9373	
9374	
9375	
9376	
9377	
9378	
9379	
9380	
9381	
9382	
9383	
9384	
9385	
9386	
9387	
9388	
9389	
9390	
9391	
9392	
9393	
9394	
9395	
9396	
9397	
9398	
9399	
9400	
9401	
9402	
9403	
9404	
9405	
9406	
9407	
9408	
9409	
9410	
9411	
9412	
9413	
9414	
9415	
9416	
9417	3	
9418	
9419	
9420	
9421	
9422	918	
9423	918	
9424	
9425	
9426	918	
9427	918	
9428	
9429	
9430	918	
9431	
9432	
9433	
9434	
9435	
9436	
9437	
9438	
9439	
9440	764	
9441	603	
9442	
9443	603	
9444	603	
9445	603	
9446	
9447	
9448	
9449	
9450	
9451	
9452	
9453	70	
9454	
9455	
9456	
9457	
9458	
9459	
9460	
9461	
9462	
9463	
9464	
9465	
9466	
9467	
9468	
9469	
9470	
9471	
9472	
9473	
9474	
9475	
9476	
9477	
9478	
9479	
9480	
9481	
9482	
9483	
9484	
9485	
9486	
9487	
9488	
9489	
9490	
9491	
9492	
9493	
9494	
9495	
9496	
9497	
9498	
9499	
9500	
9501	835	840	
9502	835	840	
9503	840	
9504	835	
9505	835	840	
9506	835	840	
9507	
9508	835	
9509	835	840	
9510	
9511	
9512	
9513	
9514	434	
9515	434	
9516	434	965	
9517	434	
9518	434	
9519	434	
9520	434	
9521	434	
9522	
9523	434	
9524	434	
9525	434	
9526	434	
9527	434	
9528	434	
9529	434	
9530	434	
9531	434	
9532	434	
9533	434	
9534	
9535	
9536	
9537	
9538	
9539	
9540	
9541	
9542	
9543	
9544	
9545	
9546	
9547	
9548	
9549	
9550	
9551	
9552	
9553	
9554	
9555	
9556	
9557	
9558	
9559	
9560	
9561	
9562	
9563	
9564	
9565	960	
9566	
9567	965	
9568	
9569	
9570	
9571	
9572	
9573	
9574	
9575	
9576	
9577	
9578	
9579	
9580	
9581	
9582	
9583	
9584	
9585	
9586	
9587	
9588	
9589	
9590	
9591	
9592	
9593	
9594	
9595	
9596	
9597	
9598	754	
9599	
9600	
9601	855	
9602	648	
9603	648	
9604	648	
9605	648	
9606	648	
9607	648	
9608	648	
9609	648	
9610	648	
9611	648	
9612	648	
9613	648	
9614	648	
9615	648	
9616	
9617	648	
9618	648	
9619	648	
9620	648	
9621	648	
9622	648	
9623	
9624	
9625	
9626	
9627	
9628	
9629	
9630	
9631	
9632	
9633	
9634	
9635	
9636	
9637	
9638	
9639	
9640	
9641	
9642	
9643	
9644	
9645	
9646	527	580	594	
9647	
9648	
9649	
9650	
9651	
9652	
9653	
9654	
9655	
9656	
9657	
9658	754	
9659	
9660	
9661	
9662	
9663	
9664	
9665	
9666	805	
9667	
9668	
9669	
9670	
9671	
9672	
9673	
9674	
9675	
9676	
9677	
9678	
9679	
9680	
9681	
9682	
9683	
9684	
9685	
9686	
9687	
9688	
9689	777	
9690	777	
9691	777	
9692	777	
9693	
9694	
9695	
9696	
9697	
9698	
9699	
9700	
9701	
9702	
9703	
9704	
9705	
9706	
9707	
9708	
9709	
9710	
9711	
9712	
9713	
9714	
9715	
9716	
9717	
9718	
9719	
9720	
9721	
9722	
9723	
9724	
9725	
9726	
9727	738	
9728	
9729	
9730	554	
9731	
9732	554	
9733	554	
9734	554	
9735	
9736	
9737	
9738	
9739	
9740	
9741	
9742	
9743	
9744	770	
9745	770	
9746	770	
9747	770	
9748	770	922	
9749	
9750	770	
9751	
9752	770	
9753	770	
9754	
9755	
9756	
9757	770	
9758	770	
9759	
9760	770	
9761	
9762	
9763	
9764	
9765	
9766	
9767	633	
9768	633	
9769	633	
9770	633	
9771	
9772	633	
9773	633	
9774	633	
9775	
9776	
9777	
9778	
9779	
9780	
9781	
9782	
9783	
9784	521	
9785	
9786	
9787	
9788	
9789	
9790	
9791	
9792	
9793	
9794	
9795	
9796	
9797	
9798	
9799	
9800	
9801	
9802	
9803	
9804	
9805	
9806	
9807	
9808	
9809	
9810	
9811	
9812	
9813	
9814	
9815	
9816	
9817	
9818	
9819	
9820	
9821	
9822	
9823	
9824	
9825	
9826	
9827	
9828	
9829	
9830	
9831	
9832	
9833	
9834	
9835	
9836	
9837	
9838	
9839	
9840	
9841	
9842	
9843	527	
9844	527	637	
9845	527	637	
9846	527	
9847	527	
9848	527	637	
9849	527	637	
9850	637	
9851	527	
9852	637	
9853	
9854	
9855	
9856	
9857	
9858	
9859	
9860	
9861	
9862	
9863	
9864	
9865	
9866	
9867	
9868	
9869	
9870	
9871	
9872	
9873	
9874	
9875	
9876	
9877	70	
9878	70	
9879	70	
9880	70	
9881	70	
9882	70	
9883	70	
9884	70	
9885	70	
9886	70	
9887	70	
9888	70	
9889	70	
9890	70	
9891	
9892	70	
9893	70	
9894	70	
9895	70	
9896	
9897	70	
9898	70	
9899	70	
9900	
9901	
9902	
9903	
9904	
9905	
9906	
9907	
9908	
9909	
9910	
9911	
9912	
9913	
9914	
9915	
9916	
9917	
9918	
9919	
9920	
9921	
9922	
9923	
9924	
9925	
9926	
9927	
9928	
9929	
9930	
9931	
9932	
9933	
9934	
9935	
9936	
9937	
9938	
9939	
9940	
9941	
9942	
9943	
9944	
9945	
9946	
9947	
9948	
9949	
9950	
9951	
9952	
9953	
9954	
9955	
9956	
9957	
9958	
9959	
9960	
9961	
9962	
9963	
9964	
9965	
9966	
9967	
9968	
9969	
9970	553	631	
9971	553	631	
9972	553	631	
9973	553	631	
9974	553	631	
9975	
9976	553	631	
9977	553	631	
9978	553	
9979	553	631	
9980	553	631	
9981	553	631	
9982	553	
9983	553	
9984	553	
9985	553	
9986	553	631	
9987	553	631	
9988	553	
9989	553	631	
9990	631	
9991	553	
9992	553	631	
9993	553	631	
9994	
9995	
9996	
9997	
9998	
9999	
10000	
10001	
10002	
10003	
10004	
10005	
10006	
10007	
10008	
10009	
10010	
10011	
10012	
10013	
10014	
10015	
10016	
10017	
10018	
10019	
10020	
10021	59	
10022	59	
10023	59	
10024	59	
10025	
10026	
10027	
10028	
10029	
10030	
10031	
10032	
10033	
10034	
10035	
10036	540	
10037	
10038	540	
10039	
10040	
10041	540	
10042	540	
10043	
10044	594	
10045	
10046	
10047	540	
10048	540	
10049	
10050	540	
10051	540	
10052	
10053	872	
10054	850	872	
10055	
10056	
10057	754	
10058	
10059	754	
10060	754	
10061	754	
10062	754	
10063	754	
10064	754	
10065	754	
10066	754	
10067	754	
10068	754	
10069	754	
10070	754	
10071	754	
10072	754	
10073	754	
10074	
10075	
10076	754	
10077	754	
10078	754	
10079	
10080	754	
10081	754	
10082	754	
10083	754	
10084	754	
10085	754	
10086	754	
10087	754	
10088	754	
10089	754	
10090	754	
10091	754	
10092	754	
10093	754	
10094	754	
10095	754	
10096	754	
10097	754	
10098	754	
10099	754	
10100	754	
10101	754	
10102	754	
10103	754	
10104	754	
10105	754	
10106	754	
10107	754	
10108	754	
10109	754	
10110	
10111	754	
10112	
10113	754	
10114	
10115	754	
10116	754	
10117	754	
10118	754	
10119	
10120	
10121	
10122	
10123	
10124	
10125	
10126	
10127	
10128	
10129	
10130	
10131	
10132	
10133	
10134	
10135	
10136	
10137	
10138	
10139	
10140	965	
10141	
10142	965	
10143	965	
10144	965	
10145	965	
10146	
10147	965	
10148	
10149	
10150	965	
10151	
10152	965	
10153	965	
10154	965	
10155	
10156	
10157	965	
10158	965	
10159	965	
10160	965	
10161	965	
10162	
10163	
10164	
10165	965	
10166	965	
10167	965	
10168	965	
10169	
10170	965	
10171	965	
10172	965	
10173	965	
10174	965	
10175	965	
10176	965	
10177	965	
10178	
10179	965	
10180	965	
10181	965	
10182	965	
10183	965	
10184	
10185	965	
10186	
10187	965	
10188	922	
10189	965	
10190	965	
10191	
10192	965	
10193	
10194	
10195	965	
10196	965	
10197	
10198	
10199	965	
10200	965	
10201	965	
10202	965	
10203	
10204	
10205	965	
10206	965	
10207	965	
10208	965	
10209	965	
10210	
10211	965	
10212	965	
10213	965	
10214	
10215	965	
10216	
10217	
10218	
10219	
10220	
10221	
10222	
10223	
10224	
10225	
10226	
10227	
10228	
10229	
10230	
10231	
10232	
10233	
10234	
10235	
10236	
10237	
10238	
10239	
10240	
10241	
10242	
10243	575	
10244	
10245	
10246	
10247	
10248	
10249	
10250	
10251	
10252	
10253	
10254	
10255	
10256	
10257	604	
10258	
10259	
10260	
10261	
10262	
10263	543	650	
10264	650	
10265	543	650	
10266	650	
10267	
10268	543	
10269	650	
10270	543	650	
10271	543	650	
10272	543	650	
10273	650	
10274	543	650	
10275	
10276	
10277	
10278	
10279	
10280	
10281	
10282	
10283	
10284	
10285	
10286	575	667	
10287	575	667	
10288	566	575	
10289	667	
10290	575	667	
10291	575	
10292	566	575	
10293	566	575	667	
10294	566	575	667	
10295	566	575	667	
10296	575	
10297	575	667	
10298	
10299	
10300	
10301	
10302	
10303	
10304	
10305	
10306	
10307	
10308	
10309	
10310	
10311	927	
10312	
10313	
10314	
10315	
10316	927	
10317	
10318	927	
10319	
10320	
10321	
10322	
10323	
10324	
10325	
10326	
10327	
10328	
10329	
10330	
10331	947	
10332	
10333	
10334	
10335	
10336	
10337	
10338	
10339	
10340	
10341	
10342	
10343	
10344	
10345	
10346	
10347	
10348	
10349	
10350	
10351	
10352	
10353	
10354	
10355	
10356	
10357	
10358	
10359	
10360	
10361	
10362	
10363	
10364	
10365	
10366	
10367	
10368	
10369	
10370	
10371	
10372	
10373	
10374	
10375	
10376	
10377	
10378	
10379	
10380	
10381	
10382	
10383	
10384	
10385	
10386	
10387	
10388	
10389	
10390	
10391	
10392	
10393	
10394	
10395	
10396	
10397	
10398	
10399	
10400	
10401	
10402	
10403	
10404	
10405	
10406	
10407	
10408	679	
10409	679	
10410	
10411	897	
10412	
10413	
10414	897	
10415	
10416	897	
10417	897	
10418	897	
10419	
10420	
10421	
10422	123	
10423	
10424	
10425	
10426	
10427	497	
10428	
10429	
10430	
10431	
10432	
10433	
10434	102	
10435	102	
10436	102	
10437	102	
10438	102	
10439	102	
10440	102	
10441	102	
10442	102	
10443	102	
10444	102	
10445	102	
10446	102	
10447	
10448	
10449	
10450	
10451	
10452	
10453	
10454	
10455	
10456	
10457	
10458	
10459	
10460	
10461	
10462	
10463	
10464	
10465	
10466	
10467	
10468	
10469	
10470	
10471	108	
10472	108	
10473	108	
10474	
10475	
10476	108	
10477	
10478	
10479	
10480	
10481	
10482	
10483	
10484	
10485	
10486	
10487	
10488	
10489	
10490	
10491	
10492	
10493	
10494	
10495	
10496	
10497	
10498	
10499	
10500	
10501	
10502	
10503	
10504	
10505	
10506	
10507	
10508	
10509	
10510	
10511	
10512	
10513	
10514	
10515	
10516	
10517	
10518	
10519	
10520	
10521	
10522	
10523	
10524	
10525	
10526	
10527	
10528	419	
10529	419	
10530	
10531	
10532	
10533	419	
10534	
10535	419	
10536	
10537	419	
10538	
10539	
10540	419	
10541	419	
10542	419	
10543	
10544	875	
10545	875	
10546	875	
10547	
10548	
10549	831	
10550	831	
10551	
10552	
10553	831	
10554	831	
10555	
10556	
10557	
10558	
10559	
10560	
10561	
10562	
10563	
10564	791	
10565	791	
10566	791	
10567	
10568	
10569	791	
10570	
10571	791	
10572	791	
10573	
10574	
10575	
10576	791	
10577	
10578	
10579	
10580	
10581	
10582	
10583	
10584	
10585	
10586	805	
10587	
10588	
10589	
10590	
10591	
10592	
10593	
10594	
10595	
10596	563	
10597	563	
10598	563	
10599	563	
10600	563	
10601	563	
10602	563	
10603	563	
10604	563	
10605	563	
10606	563	
10607	563	
10608	563	
10609	563	
10610	563	
10611	563	
10612	563	
10613	563	
10614	563	
10615	563	
10616	563	
10617	563	
10618	563	
10619	
10620	
10621	
10622	
10623	
10624	
10625	
10626	
10627	
10628	
10629	
10630	
10631	
10632	
10633	
10634	
10635	
10636	
10637	
10638	
10639	
10640	
10641	
10642	
10643	
10644	
10645	
10646	
10647	
10648	
10649	
10650	
10651	
10652	
10653	
10654	
10655	
10656	
10657	
10658	
10659	
10660	
10661	580	
10662	
10663	580	
10664	
10665	
10666	
10667	
10668	521	
10669	521	
10670	521	
10671	
10672	521	
10673	
10674	
10675	
10676	
10677	805	
10678	805	
10679	805	
10680	
10681	805	
10682	805	
10683	805	
10684	
10685	
10686	
10687	
10688	
10689	
10690	
10691	
10692	
10693	
10694	
10695	
10696	
10697	
10698	
10699	
10700	
10701	
10702	
10703	
10704	
10705	
10706	
10707	
10708	
10709	
10710	
10711	
10712	
10713	
10714	
10715	
10716	
10717	
10718	
10719	
10720	
10721	
10722	
10723	
10724	
10725	
10726	
10727	
10728	
10729	
10730	
10731	
10732	
10733	
10734	
10735	
10736	
10737	
10738	
10739	
10740	
10741	
10742	
10743	
10744	
10745	
10746	
10747	
10748	
10749	
10750	
10751	
10752	
10753	
10754	
10755	
10756	
10757	
10758	
10759	
10760	
10761	
10762	
10763	
10764	
10765	
10766	
10767	
10768	
10769	
10770	
10771	
10772	
10773	
10774	
10775	
10776	
10777	
10778	
10779	
10780	
10781	
10782	
10783	
10784	
10785	619	
10786	
10787	
10788	
10789	
10790	
10791	738	
10792	738	
10793	738	
10794	738	
10795	738	
10796	738	
10797	738	
10798	738	
10799	738	
10800	738	
10801	738	
10802	
10803	
10804	
10805	
10806	
10807	
10808	
10809	
10810	
10811	
10812	
10813	
10814	
10815	
10816	
10817	
10818	
10819	
10820	
10821	
10822	
10823	
10824	
10825	
10826	
10827	
10828	
10829	
10830	
10831	
10832	
10833	
10834	
10835	
10836	
10837	
10838	
10839	
10840	
10841	
10842	
10843	
10844	
10845	
10846	
10847	
10848	
10849	
10850	
10851	
10852	
10853	
10854	
10855	
10856	
10857	
10858	
10859	
10860	
10861	
10862	
10863	
10864	
10865	
10866	
10867	
10868	497	
10869	497	
10870	497	
10871	497	
10872	497	
10873	497	
10874	497	
10875	497	
10876	497	
10877	497	
10878	497	
10879	497	
10880	
10881	
10882	
10883	
10884	497	
10885	
10886	
10887	
10888	
10889	
10890	552	
10891	
10892	
10893	552	
10894	562	
10895	552	
10896	552	
10897	552	
10898	552	
10899	850	
10900	850	
10901	
10902	
10903	
10904	
10905	
10906	
10907	
10908	
10909	
10910	
10911	
10912	
10913	
10914	
10915	
10916	
10917	
10918	
10919	
10920	
10921	
10922	
10923	
10924	
10925	
10926	
10927	
10928	
10929	
10930	
10931	
10932	
10933	
10934	
10935	
10936	
10937	
10938	
10939	
10940	
10941	
10942	
10943	
10944	
10945	
10946	
10947	
10948	
10949	
10950	
10951	
10952	
10953	
10954	
10955	
10956	
10957	
10958	
10959	
10960	
10961	
10962	
10963	
10964	
10965	
10966	
10967	
10968	
10969	
10970	
10971	
10972	
10973	
10974	
10975	
10976	
10977	
10978	
10979	
10980	
10981	
10982	
10983	
10984	
10985	
10986	
10987	
10988	
10989	
10990	
10991	
10992	
10993	
10994	
10995	
10996	
10997	
10998	
10999	
11000	
11001	
11002	
11003	
11004	604	
11005	
11006	
11007	
11008	
11009	
11010	
11011	
11012	
11013	
11014	
11015	
11016	
11017	
11018	
11019	
11020	
11021	374	
11022	374	388	
11023	388	
11024	374	
11025	388	
11026	
11027	374	
11028	
11029	
11030	
11031	
11032	
11033	
11034	
11035	
11036	
11037	
11038	
11039	
11040	
11041	
11042	
11043	
11044	
11045	
11046	
11047	
11048	
11049	
11050	
11051	
11052	
11053	
11054	
11055	
11056	
11057	
11058	604	
11059	
11060	
11061	
11062	
11063	
11064	
11065	
11066	
11067	
11068	
11069	
11070	
11071	
11072	
11073	
11074	
11075	
11076	
11077	
11078	
11079	
11080	
11081	
11082	
11083	
11084	
11085	
11086	
11087	
11088	
11089	
11090	
11091	
11092	
11093	
11094	
11095	
11096	
11097	
11098	
11099	
11100	
11101	768	
11102	768	
11103	
11104	768	
11105	
11106	
11107	
11108	
11109	
11110	
11111	
11112	
11113	
11114	
11115	
11116	
11117	
11118	
11119	
11120	
11121	
11122	
11123	
11124	
11125	
11126	
11127	
11128	
11129	
11130	
11131	
11132	
11133	
11134	
11135	
11136	
11137	
11138	
11139	
11140	
11141	
11142	
11143	
11144	
11145	
11146	
11147	
11148	
11149	
11150	
11151	
11152	
11153	619	
11154	619	
11155	619	
11156	619	
11157	619	
11158	619	
11159	619	
11160	619	
11161	619	
11162	619	
11163	619	
11164	
11165	619	
11166	619	960	
11167	619	
11168	619	
11169	619	
11170	619	
11171	
11172	619	
11173	619	
11174	
11175	
11176	
11177	
11178	
11179	
11180	
11181	
11182	
11183	
11184	
11185	
11186	
11187	
11188	
11189	
11190	
11191	
11192	
11193	
11194	
11195	
11196	
11197	
11198	
11199	
11200	
11201	
11202	
11203	
11204	
11205	
11206	
11207	
11208	
11209	
11210	
11211	
11212	
11213	
11214	
11215	
11216	
11217	
11218	
11219	
11220	
11221	
11222	
11223	
11224	
11225	
11226	
11227	
11228	
11229	
11230	
11231	
11232	
11233	
11234	
11235	
11236	
11237	
11238	
11239	
11240	
11241	
11242	
11243	
11244	
11245	
11246	
11247	
11248	
11249	
11250	
11251	
11252	
11253	
11254	
11255	
11256	
11257	
11258	
11259	
11260	
11261	
11262	
11263	
11264	
11265	
11266	
11267	
11268	
11269	
11270	
11271	
11272	
11273	
11274	
11275	
11276	
11277	
11278	
11279	
11280	
11281	
11282	
11283	
11284	
11285	
11286	
11287	
11288	
11289	
11290	
11291	
11292	
11293	9	
11294	9	
11295	9	
11296	9	
11297	9	
11298	9	
11299	9	
11300	9	
11301	9	
11302	9	
11303	9	
11304	9	
11305	9	
11306	9	
11307	9	
11308	
11309	
11310	
11311	
11312	
11313	
11314	
11315	
11316	
11317	
11318	
11319	
11320	
11321	
11322	
11323	
11324	
11325	
11326	
11327	
11328	
11329	
11330	
11331	
11332	594	
11333	594	
11334	
11335	594	
11336	594	
11337	
11338	594	
11339	594	
11340	594	
11341	
11342	
11343	594	
11344	594	
11345	594	
11346	594	
11347	
11348	594	
11349	594	
11350	594	
11351	594	
11352	594	
11353	594	
11354	594	
11355	
11356	594	
11357	594	
11358	
11359	
11360	
11361	
11362	
11363	
11364	
11365	
11366	
11367	
11368	
11369	
11370	
11371	
11372	
11373	
11374	
11375	
11376	
11377	
11378	
11379	
11380	
11381	
11382	
11383	
11384	
11385	
11386	
11387	
11388	
11389	
11390	
11391	
11392	
11393	
11394	
11395	
11396	
11397	
11398	
11399	
11400	
11401	
11402	
11403	
11404	
11405	
11406	
11407	
11408	
11409	
11410	
11411	
11412	
11413	
11414	
11415	
11416	
11417	
11418	
11419	
11420	
11421	
11422	
11423	562	
11424	
11425	562	
11426	562	
11427	562	
11428	562	
11429	562	
11430	562	
11431	562	
11432	562	
11433	
11434	562	
11435	562	
11436	562	
11437	562	
11438	562	
11439	562	
11440	562	
11441	562	
11442	
11443	562	
11444	562	
11445	562	
11446	562	
11447	562	
11448	562	
11449	562	
11450	562	
11451	562	
11452	
11453	562	
11454	
11455	
11456	
11457	
11458	
11459	
11460	
11461	
11462	
11463	604	
11464	
11465	604	
11466	604	
11467	
11468	
11469	604	
11470	
11471	
11472	
11473	604	
11474	604	
11475	
11476	604	
11477	604	
11478	604	
11479	
11480	604	
11481	
11482	604	
11483	
11484	
11485	604	
11486	
11487	604	
11488	604	
11489	
11490	604	
11491	604	
11492	
11493	
11494	604	
11495	604	
11496	484	
11497	484	
11498	484	
11499	484	
11500	484	
11501	484	
11502	484	
11503	484	
11504	484	
11505	484	
11506	484	
11507	484	
11508	484	
11509	
11510	
11511	
11512	
11513	
11514	
11515	
11516	
11517	
11518	
11519	
11520	
11521	
11522	
11523	922	
11524	922	
11525	
11526	922	
11527	922	
11528	922	
11529	
11530	922	
11531	
11532	922	
11533	922	
11534	922	
11535	922	
11536	
11537	
11538	922	
11539	922	
11540	
11541	
11542	
11543	
11544	524	535	
11545	524	535	
11546	524	
11547	535	
11548	524	
11549	524	535	
11550	524	535	
11551	524	
11552	524	535	
11553	524	535	
11554	524	535	
11555	524	535	
11556	
11557	
11558	
11559	
11560	
11561	
11562	
11563	
11564	
11565	
11566	
11567	
11568	
11569	
11570	
11571	
11572	
11573	
11574	
11575	
11576	
11577	
11578	
11579	
11580	
11581	
11582	
11583	
11584	
11585	
11586	
11587	
11588	
11589	
11590	615	
11591	
11592	615	
11593	615	
11594	
11595	615	
11596	615	
11597	
11598	615	
11599	615	
11600	
11601	615	
11602	615	
11603	615	
11604	615	
11605	615	
11606	615	
11607	
11608	615	
11609	
11610	
11611	615	
11612	615	
11613	
11614	615	
11615	
11616	
11617	
11618	
11619	
11620	
11621	
11622	
11623	
11624	
11625	
11626	
11627	
11628	
11629	
11630	
11631	643	
11632	643	
11633	643	
11634	643	
11635	643	
11636	643	
11637	580	
11638	
11639	580	
11640	580	
11641	
11642	
11643	
11644	
11645	
11646	580	
11647	
11648	580	
11649	
11650	580	
11651	580	
11652	
11653	
11654	580	
11655	
11656	580	
11657	
11658	580	
11659	580	
11660	
11661	
11662	580	
11663	
11664	
11665	
11666	580	
11667	580	
11668	
11669	580	
11670	580	
11671	
11672	580	
11673	
11674	
11675	
11676	
11677	
11678	
11679	
11680	
11681	
11682	
11683	
11684	
11685	
11686	
11687	
11688	
11689	
11690	
11691	
11692	
11693	
11694	
11695	
11696	
11697	
11698	
11699	
11700	
11701	
11702	960	
11703	
11704	
11705	
11706	960	
11707	
11708	960	
11709	
11710	
11711	960	
11712	960	
11713	
11714	960	
11715	
11716	960	
11717	960	
11718	960	
11719	
11720	
11721	960	
11722	960	
11723	960	
11724	960	
11725	960	
11726	
11727	960	
11728	960	
11729	960	
11730	
11731	960	
11732	960	
11733	
11734	
11735	960	
11736	
11737	
11738	960	
11739	960	
11740	960	
11741	960	
11742	960	
11743	960	
11744	960	
11745	960	
11746	960	
11747	
11748	
11749	
11750	960	
11751	960	
11752	960	
11753	
11754	960	
11755	
11756	
11757	
11758	
11759	
11760	
11761	
11762	
11763	
11764	
11765	
11766	
11767	
11768	
11769	
11770	
11771	
11772	
11773	
11774	
11775	
11776	
11777	
11778	
11779	
11780	
11781	
11782	
11783	
11784	
11785	
11786	
11787	
11788	
11789	
11790	
11791	
11792	
11793	
11794	
11795	
11796	
11797	
