3	bank	-226	2639	2548	5416	9417	6863	2152	2183	
4	cosmetics	-836	1505	
8	cosmetics	-851	1453	1452	
9	cosmetics	-40	2222	220	11297	4179	2531	2729	2024	11304	11305	1906	152	11307	11300	11295	2246	11299	3840	3728	11303	11296	11294	3957	2905	11301	3144	11306	11302	11298	1987	11293	2348	
13	bank	-603	135	2407	4707	4710	3651	4708	4711	4709	3389	
15	bank	-901	1286	
19	cosmetics	-1112	506	505	507	57	
21	cosmetics	-1162	339	
23	bank	-1077	608	190	606	604	605	613	609	612	
25	cosmetics	-843	1484	1483	1485	1482	
26	cosmetics	-988	407	360	
27	bank	-1199	175	29	
31	cosmetics	-982	974	144	923	346	
32	cosmetics	-840	220	1493	922	619	
33	cosmetics	-948	1111	1105	1108	1101	1104	800	1110	1107	
35	cosmetics	-1209	120	119	117	121	118	
36	cosmetics	-1189	223	224	222	
37	cosmetics	-767	58	201	
40	cosmetics	-767	94	58	
41	cosmetics	-912	1255	184	
43	cosmetics	-1103	526	
46	cosmetics	-896	1303	668	92	
47	cosmetics	-831	1521	1519	
48	bank	-331	5614	8337	3905	7945	2412	8336	8332	2987	5185	6037	1870	8338	2553	3527	8333	2294	2545	
50	cosmetics	-989	953	954	118	951	287	955	
51	bank	-703	3049	2608	3052	3050	2491	3051	29	
53	bank	-1100	534	
54	cosmetics	-242	3190	5050	
55	cosmetics	-918	
57	cosmetics	-887	922	1352	841	999	1351	
58	cosmetics	-946	641	1119	1118	
59	bank	-149	10022	2412	10021	3617	10023	10024	
62	bank	-430	2026	7083	272	3527	148	
63	cosmetics	-836	1505	
66	bank	-1100	534	
67	bank	-436	5931	7033	5731	5313	2223	7037	7049	3022	3659	7041	4236	7042	2233	7040	7050	7045	2709	7048	3523	6951	3918	7046	29	7032	1882	7051	7035	6312	7038	2180	7044	7052	7036	1817	
68	cosmetics	-948	1107	1100	1102	800	1108	1106	1103	
70	bank	-161	186	6974	9882	9879	4186	9878	1536	6951	3917	8978	3527	9888	2544	4413	5507	9887	8500	9899	9890	3151	2243	3434	9898	4429	8007	9880	3523	9894	3389	9883	6123	2998	6767	8898	1906	9897	9886	9893	9889	9884	9885	3022	9881	8966	2139	9877	29	9895	8293	3371	9453	9892	
71	bank	-123	2710	2709	2642	
74	cosmetics	-993	922	931	600	930	
75	bank	-1223	29	30	
79	cosmetics	-245	9290	1381	2180	2008	2241	4239	
80	cosmetics	-1171	296	297	58	
84	cosmetics	-719	2706	2183	2639	2705	2711	2703	2709	2715	2712	2577	1891	2704	
87	cosmetics	-1168	
90	bank	-436	7050	7042	5931	7038	2223	29	4820	7041	6951	4236	7034	2024	7036	7040	5313	2233	7032	5731	7045	2180	2139	
93	cosmetics	-1189	220	221	224	219	222	223	
96	cosmetics	-887	841	1352	
97	bank	-454	6765	2141	2152	6769	5614	6767	6768	186	4587	1536	6764	2401	5714	6763	6766	2987	2608	
98	cosmetics	-843	1485	1484	
99	bank	-175	2182	2640	
101	bank	-699	29	2180	3132	2930	3134	3124	2183	3135	3131	3129	3133	3136	3125	
102	bank	-120	10444	10437	4198	8292	2183	5972	2024	3918	10445	4314	3015	10443	1536	3479	3124	10439	6038	29	10442	2179	2508	2182	2928	4587	3527	3602	10435	10434	10436	10441	7417	10440	10438	3028	2152	7409	10446	2395	2974	5480	
106	cosmetics	-979	984	983	986	
107	bank	-400	2178	3621	3618	3616	3620	2632	3617	
108	cosmetics	-118	10472	2974	10471	10473	10476	2483	2686	
111	cosmetics	-844	1478	515	380	1480	1479	
112	cosmetics	-797	119	1175	1640	184	718	1055	1642	
113	bank	-603	3389	2412	135	768	3651	2407	33	
116	cosmetics	-561	219	5296	5294	5287	5274	5298	5312	5310	5285	5305	5306	5303	5279	5266	3561	5268	5259	5293	5278	5288	5291	2353	5304	5272	5264	5257	5286	2759	5308	5273	5262	5267	5284	5258	5271	5290	
117	cosmetics	-951	1090	1091	
122	cosmetics	-1150	385	384	
123	bank	-123	2709	10422	2642	
124	cosmetics	-917	1234	379	
125	clothing	-1073	518	144	40	145	
127	clothing	-900	538	1288	6	1287	
128	clothing	-1090	266	337	6	564	563	44	168	442	491	
129	clothing	-876	281	815	485	1384	
131	clothing	-1021	825	
132	clothing	-944	630	1128	740	1126	144	1125	
133	clothing	-900	1287	6	
134	clothing	-562	5237	1011	5249	5213	5239	3973	2639	3883	3842	5254	5238	5230	5231	5243	5240	5226	5216	5241	5222	5242	5225	5233	5227	5214	5217	3957	5251	186	5250	5236	5224	5220	5244	2063	
135	clothing	-505	2079	1891	2024	2653	3289	6239	4593	6233	1906	6236	1748	6234	6237	6235	4426	2508	6238	
137	clothing	-829	923	1524	970	1525	144	390	46	
138	clothing	-1025	817	816	
140	clothing	-1033	793	119	791	792	790	794	402	795	789	
141	clothing	-1222	34	37	35	31	36	32	
142	clothing	-914	865	144	1244	504	1248	44	1245	1140	1247	
144	clothing	-1119	491	59	488	20	492	237	317	489	16	40	78	44	
146	clothing	-814	65	335	352	787	505	970	346	1578	1579	299	74	1576	785	1580	1575	353	1577	44	
148	clothing	-1213	82	87	86	85	83	25	
149	clothing	-1021	825	826	
150	clothing	-1002	81	148	887	184	888	889	886	
153	clothing	-1213	84	81	85	80	83	82	25	87	86	
154	clothing	-801	1333	1363	225	1623	1625	444	742	1624	1626	1627	
157	clothing	-965	674	435	
158	clothing	-1011	857	480	277	671	
160	clothing	-872	1389	82	
161	clothing	-1030	802	801	799	
164	clothing	-965	973	674	1052	435	
165	clothing	-1040	767	46	768	766	765	
168	clothing	-920	1225	16	184	
171	clothing	-782	6	1682	1614	
174	clothing	-1203	25	150	151	
175	clothing	-782	1614	6	
178	clothing	-1221	25	42	38	43	41	
179	clothing	-315	2016	4503	2078	8553	8563	8548	8559	8562	3154	2241	8556	8551	1909	8555	8557	8561	786	8547	8558	4688	8564	972	8550	8560	5607	8552	8549	8554	2008	
182	clothing	-535	3614	5766	45	5056	3191	5763	5765	5238	5762	3190	2925	5767	1870	3979	5764	
186	clothing	-923	1209	
187	clothing	-908	1269	144	1271	970	82	721	1270	277	145	
191	clothing	-455	6760	2008	3158	1906	2433	2983	2548	4186	6762	25	6761	5890	3269	
192	clothing	-965	973	674	1052	
196	clothing	-1176	272	275	
200	clothing	-920	16	1224	184	1223	
216	clothing	-1131	457	456	6	304	
219	clothing	-1090	564	563	337	266	442	168	
221	clothing	-923	1209	
228	clothing	-943	535	426	836	
230	clothing	-340	4724	8201	8197	8198	6760	8194	8203	1903	8200	545	2024	1601	8199	8196	8195	77	8202	
233	clothing	-1151	56	
234	shoes	-808	1042	1596	6	337	
238	shoes	-1076	277	615	168	230	614	335	44	
240	shoes	-1122	
244	shoes	-848	317	44	303	1463	564	1464	794	
245	shoes	-1003	885	94	884	276	16	
249	shoes	-959	277	1068	1067	1066	
253	shoes	-959	1067	1068	1066	277	
254	shoes	-1183	238	
255	shoes	-808	1596	6	1042	
259	shoes	-1196	
260	shoes	-471	299	6603	6579	6589	2291	6621	6578	6599	6616	6608	6619	6623	6617	6594	35	6613	87	1630	6463	6600	6601	6615	6605	1987	6591	6585	541	6583	6582	5071	6588	6581	554	6592	6595	6596	6614	6618	4160	6622	6590	6611	6610	1823	6607	6586	2695	6604	6606	1938	6584	6587	6602	6598	6159	6580	3174	2402	6612	6593	6609	4089	2858	6620	
261	shoes	-1051	317	16	515	443	708	415	707	
264	shoes	-1012	656	855	854	82	
265	shoes	-1108	169	516	40	520	270	26	518	504	517	519	426	342	286	20	403	
266	shoes	-1089	566	317	475	
270	shoes	-1196	185	
271	shoes	-1076	230	335	44	144	615	
272	shoes	-392	2183	2404	7609	768	1536	
276	shoes	-1000	898	277	300	
277	shoes	-999	339	901	900	899	902	539	247	
278	shoes	-1192	210	212	211	145	
281	shoes	-1180	251	
282	shoes	-1076	335	144	168	230	615	277	614	44	
283	shoes	-998	910	91	390	830	904	87	903	909	906	
286	shoes	-1167	319	318	168	6	315	317	316	320	
287	shoes	-1167	321	317	319	316	
288	shoes	-999	247	901	339	539	900	899	
290	shoes	-1167	318	316	319	6	168	315	317	
291	shoes	-1180	251	
292	shoes	-758	1749	785	40	145	209	144	184	
295	shoes	-869	23	6	1407	785	145	
296	shoes	-1200	44	170	169	168	172	
297	shoes	-758	184	209	1006	144	40	785	145	1750	
300	shoes	-1192	208	168	209	212	
301	shoes	-1012	855	854	
302	shoes	-392	7611	1870	2183	768	7609	
304	shoes	-1051	504	443	317	708	16	515	707	
306	shoes	-860	238	1432	
307	shoes	-1183	239	238	
308	shoes	-1183	239	238	
309	shoes	-868	1408	376	
311	shoes	-848	1464	44	1463	
312	shoes	-1038	626	145	403	773	168	242	774	726	
313	shoes	-1200	170	44	172	145	171	168	19	169	
315	shoes	-999	899	339	901	539	902	900	
316	shoes	-1012	854	656	82	
317	shoes	-758	277	40	785	1750	1098	209	1749	144	
318	shoes	-1183	238	
320	shoes	-1096	543	25	545	541	22	544	548	270	547	
321	shoes	-1143	44	168	414	417	
322	shoes	-1012	855	854	656	
324	shoes	-793	721	168	787	1652	647	6	1653	
325	shoes	-808	1042	6	1596	337	
326	shoes	-855	145	726	168	
328	shoes	-870	317	1401	145	79	1402	1403	1405	1406	
329	shoes	-959	1066	1068	1067	
331	shoes	-1200	168	172	44	169	145	
333	shoes	-471	6602	35	6610	6609	6578	2402	6608	6606	3174	6159	6582	6615	1630	6622	1987	6619	6591	1823	6620	6590	6596	6597	299	6580	6593	554	6584	2858	6613	6587	6595	4160	6594	2695	6611	1938	6612	6605	6603	6581	5071	6585	6617	6616	4089	6598	6579	6614	87	6618	6607	6601	
335	shoes	-471	554	6605	6606	6588	6592	6613	1823	6620	6602	6595	2695	6589	3174	5071	6614	4089	6593	6598	1938	6599	6579	6585	6616	6596	541	6610	6612	6591	6618	6581	6584	6608	6607	6615	6617	6578	6594	6622	35	4160	2291	6601	6597	6609	6604	6580	6159	6611	6619	6590	6603	299	6623	6621	87	6583	6600	2402	6463	
337	shoes	-926	1202	1200	1201	698	1199	
341	shoes	-1003	276	884	94	
345	shoes	-691	3208	3207	
347	shoes	-870	1404	79	317	1401	
350	shoes	-930	1179	1182	1180	286	698	
353	shoes	-930	698	286	1181	1182	
356	shoes	-869	1407	785	23	6	145	
360	shoes	-959	277	1068	1067	1066	
363	shoes	-818	1098	1562	390	1563	6	1561	
367	shoes	-926	1201	1200	
371	accessories	-839	376	1497	1495	
374	accessories	-66	11021	7976	2626	11022	11027	11024	
375	accessories	-461	2496	2572	6724	6723	6722	6720	6721	
377	accessories	-816	381	1569	
378	accessories	-762	1740	1741	653	
380	accessories	-1019	346	832	829	16	831	830	304	
381	accessories	-1047	420	252	729	
384	accessories	-816	381	1568	1569	500	
385	accessories	-528	5905	5909	5911	2581	5906	1906	5903	3458	5908	5907	5904	2646	2858	5910	2018	
387	accessories	-962	1060	
388	accessories	-66	11025	11023	2019	11022	7976	
389	accessories	-968	44	19	1042	671	37	1041	21	1039	1040	
392	bags	-1187	226	227	105	
393	accessories	-168	2651	272	1844	
396	accessories	-874	1387	1297	1386	546	
397	accessories	-962	1059	546	1060	
400	accessories	-949	787	1096	19	1097	1098	647	671	
401	bags	-990	945	948	944	381	949	184	946	947	943	
406	accessories	-980	863	546	193	345	982	
407	accessories	-461	6720	6723	2786	2496	2572	6721	2974	
413	accessories	-779	1695	158	328	434	1696	644	1690	1698	619	1694	1692	1697	
419	accessories	-115	2152	10542	2395	10540	1536	925	6878	3958	10541	10533	6937	545	5212	10537	2009	10529	3447	2548	10528	2974	2862	10535	3868	
421	accessories	-984	644	971	970	969	546	
423	accessories	-849	1460	376	
425	accessories	-546	2513	5615	2790	5624	5622	5609	5613	1337	2180	5611	3894	5621	5616	2295	5619	5625	5612	5623	5618	1981	5610	5626	5617	5620	5627	
428	accessories	-1063	667	552	669	668	
432	bags	-1113	342	504	26	416	20	21	502	286	304	343	503	434	499	
434	accessories	-207	9530	9528	3896	9517	753	5313	5625	9521	9524	9514	1865	9531	3811	2511	7761	5608	9525	2646	9533	2139	3854	8474	9523	9519	2797	2703	9520	9516	9527	2395	7755	1813	9529	1904	345	8106	9526	9518	9515	9532	2513	4174	3151	
437	bags	-858	16	657	26	1437	793	1370	
439	accessories	-980	546	193	863	
443	accessories	-1109	513	514	515	417	442	
445	bags	-789	517	1658	
449	bags	-810	1592	1593	
450	accessories	-816	1568	381	
454	accessories	-957	1074	1075	
457	accessories	-1216	76	75	73	74	
458	bags	-789	517	787	
461	accessories	-1086	574	6	317	20	504	437	415	
462	accessories	-1032	796	
463	bags	-858	434	26	793	1439	16	1436	657	504	
465	bags	-789	1658	442	517	
466	accessories	-1109	376	512	442	417	515	393	514	
467	accessories	-649	2202	
470	bags	-1187	226	227	105	
471	accessories	-983	973	554	546	972	544	
472	accessories	-1019	346	832	304	830	831	829	
473	bags	-1155	6	368	342	370	369	343	373	20	227	21	371	372	16	304	
476	bags	-1036	785	381	184	491	784	669	
477	accessories	-448	6875	2247	5815	2550	2531	6870	6882	6869	2139	2653	6877	2068	6876	6886	6883	6885	2547	2017	6878	6880	6879	6868	6881	6874	5212	5507	1536	3205	2830	
478	accessories	-874	1386	1387	546	
479	bags	-800	1628	360	
482	accessories	-762	1740	653	350	
483	accessories	-772	1722	1715	1721	1630	1720	
484	accessories	-24	3826	11498	11506	1866	2247	11502	11504	4173	11499	3489	11508	11505	8700	824	2971	2814	2531	1999	11497	4191	545	2548	11507	11503	3389	6883	5507	11501	1896	6885	6868	1906	1536	11500	3195	4871	6880	6886	11496	2547	
485	accessories	-955	
487	accessories	-1063	669	668	552	
488	accessories	-1216	73	74	75	76	
489	accessories	-874	1297	1386	546	1387	
490	bags	-1036	184	782	434	785	784	
493	accessories	-960	1064	21	499	1065	750	6	
494	bags	-1113	503	21	342	20	286	499	26	504	
495	accessories	-1014	849	850	499	515	851	144	
496	accessories	-804	1615	1611	1612	1614	1613	
497	accessories	-83	824	10873	10876	7488	2861	2573	6876	2247	10884	102	10878	3190	10875	10869	10874	10870	10877	2582	3806	3109	7030	2024	10427	10871	10879	10868	10872	
499	accessories	-984	644	969	971	546	
500	accessories	-1197	178	183	44	16	177	184	20	182	181	179	
501	accessories	-947	948	1116	1112	787	44	1115	
503	accessories	-1037	780	778	74	781	44	779	775	
504	accessories	-1109	514	417	515	512	442	376	
505	accessories	-1020	828	420	
506	accessories	-1216	73	75	
508	bags	-773	1718	145	1719	881	721	651	16	
509	accessories	-1198	
510	accessories	-240	2467	2246	545	9301	9303	151	2230	9300	9305	7411	3190	9299	
512	accessories	-960	971	1064	1065	
513	accessories	-1067	434	642	643	644	645	381	648	
514	accessories	-799	1629	1631	
516	bags	-789	787	1658	442	
517	accessories	-983	544	546	554	
520	accessories	-968	21	671	37	1039	
521	electronics	-103	10668	10669	5432	2653	10670	148	2449	272	10672	1833	9784	2412	
523	electronics	-665	2818	3582	3569	2302	3580	1817	3584	1811	3574	3589	3591	3583	3570	3586	2139	3588	3572	3571	2793	958	3575	2152	3585	3577	3581	3590	3579	
524	electronics	-15	2152	11550	11545	11548	2299	3811	4568	5853	6884	11551	11553	753	6945	2021	11544	11552	1906	5518	1536	5432	11549	11546	5938	8321	11555	11554	
525	electronics	-403	7475	5507	5326	2495	2222	4953	2021	7478	7471	7476	2496	7474	7482	7470	2531	2786	7481	7477	2153	7473	
527	electronics	-164	9847	6937	2222	9845	405	2608	9851	2223	9843	9846	4186	9849	9848	9646	2311	9844	
528	electronics	-547	5601	5596	5599	5606	1645	5607	5605	5600	5593	5603	5595	143	5602	
529	electronics	-620	4362	2180	4363	2182	
532	electronics	-247	3602	
533	electronics	-467	6651	6649	6075	6661	3842	6659	1536	2154	2289	2464	6667	5481	6660	1635	6663	1987	6641	2240	6646	6666	2169	6655	6645	6672	3338	6647	6648	6642	1821	6665	6656	6668	6662	6673	2306	6650	6671	5942	6643	6653	
534	electronics	-673	3474	2230	2179	2629	3479	3472	2432	3475	
535	electronics	-15	11549	5518	11547	3811	753	5938	6945	11552	11555	5853	11554	11550	5432	6884	11544	4568	8321	11553	11545	
537	electronics	-654	2653	3205	1789	3801	1869	2648	2550	3807	2183	1891	3806	3805	1804	3808	3612	3804	3802	1882	3800	
540	electronics	-147	10051	10038	2223	5518	1830	2019	10047	10050	2974	10041	5994	2026	5972	10042	272	2582	10036	148	10048	
541	electronics	-130	4225	2182	1866	4222	4219	4227	4236	4241	4240	2545	4228	2179	3151	1536	4224	4234	4237	2513	4235	4229	
542	electronics	-403	4953	2786	7478	2139	7480	7482	2495	7477	2531	2153	7474	5507	7476	7473	3527	7481	2222	7475	7470	7471	7472	
543	electronics	-138	10265	10263	10271	10274	2797	9338	10272	2690	1906	10270	3232	1896	2550	10268	
544	electronics	-95	4796	148	4815	4793	4809	4795	4805	4800	4799	4808	4811	2024	2759	4803	2816	4806	4813	4814	3075	4802	1537	4804	2971	2582	4456	4797	2063	4801	4798	
546	electronics	-403	2222	7482	7471	7472	2496	3527	5507	2495	7483	7474	5326	2021	2153	7480	
548	electronics	-885	1358	
549	electronics	-337	8234	4840	8249	8231	3646	8240	2646	8230	8217	5985	2790	8248	1817	8223	2651	8239	8227	8215	8255	8247	8220	8225	8228	4593	2343	2477	8235	8251	2008	3822	2139	8241	5723	2010	2491	2241	2133	8226	3894	8242	5958	8213	8236	8244	1639	3766	8238	
552	electronics	-81	10898	10893	3074	2641	10896	2549	2223	10897	2808	2076	2064	148	2963	10890	3739	10895	2893	2817	
553	electronics	-154	9978	2252	1536	2618	3535	2635	9977	4772	9987	1835	2059	9979	9970	9991	7667	9162	9986	9971	9974	2152	9982	2435	9980	9989	2237	5489	9976	9988	1906	8254	2491	9981	9973	6199	9983	9993	9992	9985	9984	9972	
554	electronics	-181	5516	9733	9732	8832	2640	3612	2179	2974	9734	9730	4239	2182	
556	electronics	-885	1359	1357	
557	electronics	-547	5605	5607	5606	5598	5594	5596	5592	3077	5599	143	786	5597	5601	5603	1645	5593	5595	
558	electronics	-297	1720	8660	8663	8665	2703	1814	8661	8666	7048	8657	8662	2152	5185	3614	1938	8655	8656	8654	8659	1811	8664	2713	1727	8658	
559	electronics	-885	1357	
561	electronics	-738	1775	2259	2079	2152	2241	2269	2257	2299	2261	2267	2263	2289	2305	2223	2262	1811	2316	2010	2280	2306	2222	2276	2284	2293	2302	2291	2309	2270	2300	2296	2254	2274	2282	2272	2256	2314	2264	2297	2266	2265	2285	2271	2303	2307	2319	2311	2279	2024	2281	2286	2287	2277	2275	2258	2318	2304	2294	2273	2292	2278	2268	2290	2317	2310	2301	2283	2315	2308	2295	2253	1536	2313	2260	2255	
562	electronics	-28	11451	11441	11443	1826	11426	3805	11431	11429	1903	2225	11444	5492	4840	11427	2861	11425	11437	11450	1945	2395	7409	7081	5211	7469	2814	2016	11440	2601	11436	5185	1906	11448	4282	2223	11453	2180	2410	11449	2435	11445	1536	11439	11428	5037	2224	11423	2530	1883	2470	2358	2152	11435	11446	3589	11447	11430	11432	11438	10894	3481	2139	11434	
563	electronics	-108	4689	10605	10615	123	10602	4270	3587	10613	3083	2145	10597	10604	10611	8733	10606	10607	10609	10614	10601	1775	2059	10610	10612	10608	10600	10598	4274	10603	3865	10596	10599	6701	10616	10617	2680	10618	5969	8545	2008	1983	2156	3979	5934	3303	3716	2342	
566	electronics	-133	1830	10292	2618	10293	10295	10294	8939	2623	10288	3535	4695	1536	1835	
570	electronics	-886	1354	1355	1353	
571	electronics	-1207	126	123	122	125	
574	electronics	-277	8240	8888	1238	3434	8876	5212	8871	1536	6412	2453	2008	8875	8889	1883	1880	6229	8878	8881	1906	8870	8879	8872	8887	4345	8885	8874	8883	1909	8884	8877	2527	
575	electronics	-133	10243	10294	1536	10293	1830	8939	2343	10288	10290	10297	3535	3465	2618	10295	1835	10292	2777	10296	10287	10291	4695	2545	10286	
579	electronics	-886	1356	1354	1355	
580	electronics	-7	7056	2573	2939	11639	11651	753	11637	157	1821	3754	2470	6312	11659	10661	10663	11669	9646	3174	5510	5081	11646	5740	11648	2252	1891	3724	11654	11650	2974	1906	11662	1536	11656	11658	11670	11640	11666	11672	11667	8401	7726	
584	electronics	-297	8659	8654	8661	8666	1938	8664	8663	2713	2703	2152	5185	7048	1727	3614	8657	8660	8656	1720	
587	electronics	-549	5511	1824	5518	5513	2179	2971	2180	5211	5508	5512	5517	4827	5514	
589	electronics	-393	1536	2297	7595	7602	7589	5965	2818	2857	7596	7607	7605	7594	2230	1928	2304	7599	3865	3978	3583	2059	4874	7601	538	1870	2646	1906	2295	7593	7603	4431	2079	7590	7606	7592	3084	5867	7591	7600	2925	7598	7587	
590	electronics	-1207	123	125	126	122	
594	electronics	-35	11356	5483	2152	1536	9646	11351	11335	11354	11339	11338	11333	2008	11344	2080	11350	11349	11332	3883	10044	2782	11348	11346	11336	11353	4426	2079	3001	11352	6752	2818	11340	11345	11343	11357	
599	electronics	-746	1917	1931	1918	1920	1933	1407	1923	1938	1937	1922	1941	1935	1924	1929	1921	1927	1910	1915	1913	1926	1912	1911	1916	1900	1932	1928	1939	1940	1914	1925	1942	1919	1943	
603	electronics	-219	2531	4820	9444	4345	2021	2233	9443	9445	7032	9441	2709	1906	1981	
604	electronics	-25	11477	11480	11058	10257	11482	11491	11469	11490	11474	546	3731	11485	11488	1906	2343	3083	11463	4887	11473	4071	11478	11465	1904	3583	2464	11004	2858	1876	11476	3896	11466	2009	11495	2083	11487	4811	11494	
606	electronics	-277	1909	2453	1238	8883	8880	8882	8875	5211	2024	8869	8876	1906	1880	2527	6229	8872	8887	3434	3842	8889	8888	8877	8890	2008	8879	8870	8240	
607	electronics	-885	1358	1357	1359	
611	electronics	-337	8235	8217	8238	1639	8218	6846	3822	8232	8214	2343	8236	8223	2477	2550	8250	8247	8226	2133	8239	4840	8245	5958	8227	2470	4140	8243	8216	8220	8244	8246	2646	6123	2651	4593	753	8213	2759	8242	8224	8233	5985	3766	8221	8255	8237	8229	8249	8222	8231	1817	2008	2241	8228	2491	8254	8240	8225	1906	8248	1987	8253	
612	electronics	-464	5608	2413	6695	2152	3520	6693	6688	1891	
615	electronics	-13	11596	1876	11601	2133	3979	7056	11602	11599	11595	11604	1823	11593	11612	1987	3524	11598	11592	11606	11590	2550	5098	11605	11611	2154	148	11603	11614	7552	11608	
619	electronics	-52	11159	11163	11158	4198	2467	4191	11170	5723	2230	11155	1536	11162	11160	11169	11161	29	11157	2470	11165	11168	2653	11166	11167	3865	3349	4873	11153	11173	3001	11154	3135	10785	2343	3608	11156	11172	
620	electronics	-547	5592	5601	1645	5600	5607	5594	5596	5606	5595	5604	5602	786	5597	
621	electronics	-403	7480	5326	2021	7474	3527	2153	1906	4953	7483	7482	2531	7477	5507	7471	7478	
625	electronics	-264	8984	8987	2703	8991	1536	2818	8990	2879	2183	8988	8983	4234	6371	8989	8985	4124	5852	2473	2182	8441	753	8986	8982	2569	3614	8842	8981	1906	3438	
626	electronics	-885	1357	
627	electronics	-82	3306	3133	3305	2495	2651	3307	
630	electronics	-237	9347	8832	2640	2179	
631	electronics	-154	9974	2059	1835	2618	9986	9981	9989	9992	9971	9979	4772	2237	9976	9987	9973	5489	8254	9972	9990	2152	9980	9993	9970	9977	2491	7667	2435	9162	
632	electronics	-1207	125	124	126	127	
633	electronics	-174	2222	5931	3463	9770	9769	1906	4411	1782	2021	2511	2545	9773	2223	2152	272	9767	9774	5196	9768	1536	148	9772	4186	3033	
636	electronics	-749	1832	1797	1835	1771	1829	1786	1787	1847	1773	1808	1801	1769	1824	1784	1838	1806	1795	1814	1833	1538	1836	1841	1830	1810	1798	1811	1837	1779	1818	1792	1776	1819	1799	1821	1845	1840	1817	1774	1844	1828	1782	1813	1772	1831	1846	1804	1816	1768	1780	1789	1834	1800	1790	1807	1783	
637	electronics	-164	9848	9844	2222	4186	3009	405	9852	9845	9850	2223	9849	2311	
638	electronics	-467	2240	6671	2169	6651	1987	5942	1536	6650	1821	6664	6653	6656	6641	6668	2306	2154	6672	6645	6647	6646	6665	6661	6655	3842	2289	6663	6666	6075	6669	
639	electronics	-739	2221	2198	2228	2218	2152	2209	2206	2239	2203	2213	2226	2235	2208	1536	2231	2225	2244	2249	2223	1537	2252	753	2220	1906	2247	2232	2204	2189	1934	2250	2199	2079	2237	2251	2229	2211	2139	2230	2202	2195	2243	2227	2219	2238	2215	1826	2200	1834	2187	2205	2192	2194	2222	2193	2212	2190	2185	2024	2201	2241	
642	electronics	-464	3151	2178	6689	6692	6687	6691	6694	6688	1891	
643	electronics	-8	2021	5432	11635	2582	272	11633	1993	2024	11631	11636	11632	2640	5212	11634	2152	3190	8622	1906	
644	electronics	-886	1355	1356	
645	electronics	-892	1322	1316	1331	1328	1318	1319	1329	1327	1326	1323	1321	584	1324	1317	
648	electronics	-199	9604	3434	9603	7726	5480	7448	9618	9615	9621	2703	9614	9613	9620	9619	9609	9607	9606	2531	2024	9617	2020	4670	9605	9608	5608	1906	3608	9611	9602	9612	9622	9610	
649	electronics	-238	1940	1919	1942	1924	1936	1934	1920	1913	1911	1925	1938	1407	1939	1933	1923	1912	1941	1926	1917	1915	1900	1928	
650	electronics	-138	1896	10272	10274	1906	10266	2550	2797	10263	10273	2690	10269	10264	10265	6386	2358	10271	4857	10270	3923	9338	
654	electronics	-599	2020	2222	3199	4587	4763	4769	4756	2530	2939	4770	4768	4755	1895	4758	4765	1835	4753	4764	4759	2141	3303	4773	3241	4771	4757	4767	1764	4774	2809	4761	4772	2491	4766	
655	electronics	-456	3175	3174	3166	3185	3177	3171	3167	3170	3165	3180	3184	2880	1818	3179	
656	electronics	-248	3381	3074	1701	9247	5867	2024	4214	1804	157	9264	3652	1536	9262	9228	2930	9227	9266	9224	7921	9255	9250	4191	9257	9235	9225	9237	3299	9253	9246	2513	1823	9242	9267	5289	9230	2249	9273	2491	9234	9265	1906	9258	9269	9240	9249	2021	9271	9231	4779	2453	2225	2536	3724	2464	9272	9248	9263	9254	
659	electronics	-251	2230	9198	9185	9186	272	330	9192	2969	1826	9194	9187	2939	156	9188	6312	9195	1804	9196	2686	
660	electronics	-628	2180	4220	4233	4228	4237	2513	1866	4226	4236	2531	4235	4222	4221	4227	4240	4229	3151	4239	4224	4232	2545	4223	1536	4231	2182	2179	4230	1906	4234	4225	4219	
661	electronics	-885	1357	1358	1359	
662	electronics	-248	9269	9234	9267	1823	2021	9224	3299	9246	9241	5289	157	9256	9271	2024	5495	9244	5997	9232	3381	9227	9252	9230	9255	9262	2225	9226	3724	9245	2513	9264	4191	9250	9243	1701	9251	2491	9248	9236	9237	9228	9265	9242	9260	9239	1906	9272	9268	6093	9257	9240	7921	
664	electronics	-1105	
665	electronics	-372	7810	3535	7824	7822	7809	7804	7827	7808	7817	1727	7829	7823	7805	7816	7818	7826	7803	4068	7807	2233	7825	7828	6312	7812	7813	7820	6753	7502	2545	2295	2183	7821	3389	7811	
666	electronics	-405	2786	2530	5738	1536	1817	2773	2426	3959	2513	45	2636	
667	electronics	-133	10286	3465	2777	10289	8939	10297	1536	1835	10293	10295	2545	2343	10290	10294	10287	
669	electronics	-708	2945	2949	2948	2969	2968	2958	2953	2009	2962	2951	1727	2974	2947	2024	2961	2956	2959	2963	2954	2965	2978	2960	2964	2950	2952	2957	2979	2970	2980	2976	2967	
670	electronics	-401	2241	272	7509	1821	2230	2974	2582	7507	7510	
671	others	-507	6195	6201	253	6205	6176	3102	6179	6204	6197	6182	3840	6202	6175	1929	6190	6183	6186	6173	6191	6188	6196	2346	3350	6181	6185	6200	6178	3300	
673	others	-554	5397	5404	4165	3334	5395	5385	3905	5393	2759	5408	4151	5391	2344	3903	5414	5400	5413	2354	2463	5399	5398	5388	5402	5389	5416	5390	5392	5409	5407	5417	5415	5401	5406	5396	
675	others	-675	3445	3442	3446	3449	3453	2608	2893	45	3452	1011	3443	3190	3441	3447	3448	500	2008	3451	3450	3444	
676	travel	-581	5049	2240	5051	2024	5050	4356	
677	travel	-572	4355	1882	4357	4358	
678	others	-1169	313	309	307	138	312	
679	travel	-125	2491	727	2759	2861	10409	10408	2626	2068	2010	4307	
681	others	-732	2488	2492	2496	2490	2494	2495	1835	2489	2493	
682	others	-672	3484	3483	3488	2643	2582	3487	3482	3486	3480	148	2054	3491	3489	2759	2408	2003	
683	others	-932	1171	44	1170	
686	others	-783	1678	295	1680	655	1675	1677	
687	others	-344	1938	3324	1987	2818	148	3332	2912	3342	3343	3321	3314	3336	3323	3338	3320	3345	2009	3350	3344	3333	3335	3337	3317	3326	3315	3318	3319	3331	3348	3329	3340	1985	3322	1993	3316	3325	3334	3341	3328	1982	3327	3347	3330	3339	3346	
688	others	-605	1882	4629	4627	2536	4628	4630	2008	
689	others	-412	1536	3304	3270	
693	others	-257	925	9057	2808	9053	8843	3205	9058	
694	others	-604	4692	4703	4631	4665	4675	4686	2347	2453	4702	4649	4642	4662	4658	129	4651	2550	4704	4635	4659	4693	4681	4645	3145	4701	4680	4706	4648	4698	4656	4697	4695	4643	4637	4705	3729	4663	4638	4671	4689	3865	4667	1876	4683	4640	4690	4654	4633	4668	4684	4699	4650	4674	4661	4672	4653	4636	3146	4676	4644	
695	travel	-38	3133	2180	3761	7830	4904	2651	196	7831	7834	7835	
698	others	-276	5533	5540	3028	5526	5584	4504	1536	2693	4174	5585	5588	5081	5531	1880	5587	5575	5573	5557	5586	5556	4501	5524	1715	5582	5579	5562	5555	1817	2183	3443	5519	5581	5543	5571	5566	5539	5538	5568	5564	2786	5561	2862	5532	5552	5527	5523	5535	5570	2487	5567	5574	3753	5522	5520	4500	4955	2152	5530	5080	5577	5528	5580	5553	5563	5554	4508	5545	2343	5578	5591	5548	5549	5534	5560	5536	5572	5559	5521	3438	5550	5525	5529	5542	5537	5546	1981	5558	5565	5551	5544	5583	5576	5541	1865	5150	5590	5589	
699	others	-1097	225	537	538	193	540	247	536	539	
701	others	-402	2179	7498	7493	2183	7488	4186	7501	7503	7494	7496	2432	7502	3074	7495	7500	7487	5046	7492	2152	7505	4167	2759	5508	5412	7489	7484	5017	2161	2875	1337	2582	7486	7490	7497	3190	7506	5474	2291	7499	7504	7491	7485	2076	
704	others	-842	1343	1487	
705	others	-76	4482	4469	4466	2438	3151	500	2392	4472	4508	4471	4470	4459	4465	4478	4493	4473	4481	4506	4475	4489	4514	4476	148	4497	4485	3156	3541	4507	4510	4486	1929	4490	4468	4512	4458	4479	4500	2782	3350	2759	2510	4484	4516	4494	4505	4502	4477	4501	4518	4463	4499	4491	4504	4186	4519	4511	1411	2861	2545	4460	4487	4522	4496	4464	795	4474	4483	2152	4513	4495	2608	4480	4509	4462	4498	3805	2651	4517	2223	4521	
706	others	-823	1546	1544	555	748	
707	others	-540	5714	2008	1906	5710	5703	5711	5713	5712	5707	5702	5709	795	
709	others	-748	1864	1536	1877	1862	1875	1865	1873	1857	1855	1860	1856	1861	1871	1848	1850	1874	1881	1849	1879	1878	1866	1880	1863	1882	1852	
710	travel	-144	3133	
711	others	-317	1891	7175	8541	8544	5543	2139	6128	2024	5585	8545	
712	others	-350	8088	8092	3805	8020	4162	2179	3270	8087	8086	2059	8093	1864	2640	1906	3753	2182	8091	
716	others	-907	1272	600	908	926	
717	others	-284	1895	1971	1991	1956	1975	1966	1947	1960	1946	1976	1968	1950	2002	1841	1973	1977	1969	1944	1945	1954	1959	1864	1994	1907	1998	2003	1985	1536	1989	1957	1908	1993	2001	1970	1996	1964	1948	1979	1899	1951	1965	1999	1972	1952	2010	1823	1958	2008	
720	others	-469	2574	1639	135	6626	2566	3068	6627	2202	2974	3190	1891	
721	travel	-623	4358	3463	3755	4356	4357	
726	others	-342	3032	3015	2608	2974	215	3022	1411	2024	2152	3017	3023	3037	3036	3016	3039	3040	3030	3010	1981	3044	3007	727	3014	3024	2473	3001	3031	3019	3033	3003	753	29	3018	3012	3020	3026	3005	3011	3004	3027	1882	3025	3041	3002	3034	3008	3029	3028	3043	3009	3013	3042	3021	3035	3038	1987	2545	3006	
730	others	-295	1727	3970	3431	8667	1866	45	8396	7722	2024	8676	8675	8670	8668	8669	1411	2710	
738	others	-90	10799	2545	2608	1906	10791	10801	4375	2999	9727	2759	7583	6405	2715	1891	6504	795	4342	10800	2531	2582	2861	157	10792	7581	10798	10797	10795	2139	2024	2426	10796	7391	10794	1870	10793	
742	others	-554	5408	5391	5396	5385	5414	5388	5416	2344	4151	5411	5399	5404	5406	5413	5389	5393	2905	5387	2354	2577	2759	3371	4165	5392	5407	5403	2487	5409	5412	3334	3905	5384	4926	3903	5398	5401	5400	2463	5405	2353	5417	5397	2858	5402	5395	5415	5410	5390	5386	
743	travel	-426	2786	7136	4540	3978	1536	7137	
744	others	-1224	27	28	
747	others	-961	295	1063	1061	1062	916	
749	others	-906	146	201	16	245	1274	505	1275	1276	
752	others	-512	6104	2703	6101	4201	3716	6102	6106	6105	6113	6114	6107	6112	6100	6110	764	6109	2304	6111	6103	6115	6108	119	
754	travel	-145	10072	1906	10071	3798	10085	2548	10118	10117	5800	3434	2566	4904	10106	10094	1536	2073	3576	10089	10116	10076	7039	10067	10081	10083	10109	10102	7945	10113	4082	10086	10080	10068	10091	3765	10098	10060	10093	10088	10077	10105	10065	5477	10095	2152	8587	10101	3894	10069	10078	9658	10096	3883	753	10064	10104	10084	10066	10092	7938	10073	10063	10057	3029	9077	2500	10115	10062	10097	10087	10111	1882	10099	2582	1876	9598	5446	3070	10090	10082	10059	2407	7899	5150	2652	10100	10108	10070	8177	10107	10103	2402	10061	4918	5445	
756	others	-596	2063	4794	1906	4804	4793	4810	4796	4814	4808	3075	4805	1537	2971	4801	2024	4798	4811	4803	4812	4800	4795	4799	4802	4809	2816	4813	2453	4797	2245	4806	3896	2759	148	2582	
758	others	-958	1073	1071	1069	1072	1070	
760	travel	-650	3864	3855	3847	3852	3865	3856	3866	3862	3860	3858	3861	3850	2491	3849	
762	others	-735	2422	2418	2427	1991	2152	2419	2429	2430	2420	2425	1992	2423	1817	2417	2428	2431	2421	2426	2424	
764	others	-220	2786	2710	9440	1861	4842	1899	409	2639	2773	2642	
766	others	-417	5520	5582	5080	5586	5564	5567	5557	3753	1817	5548	4504	5521	5560	5583	1880	5587	2862	5534	5539	5590	2152	5546	5563	5549	4501	5525	5573	5536	4508	2693	5519	5565	5572	5531	1536	5544	3443	5554	5522	5545	5533	5538	4955	2786	5081	5556	5589	4174	5542	5566	4500	5543	5568	5580	407	3438	5530	5578	1981	5574	2183	5570	5562	5585	5529	5571	5526	1865	5524	1715	5591	5576	5561	5555	5579	5150	
768	others	-59	3659	11102	11101	5432	6392	11104	2550	5959	2642	2608	6161	148	
770	others	-179	9745	9753	339	9750	9757	2479	9744	2816	9746	2024	9760	9752	9748	6147	9758	9747	
773	others	-292	3558	8250	8708	8709	8707	5042	2531	
777	others	-187	9689	9690	1536	2008	9691	9692	4194	2618	
780	others	-1210	108	109	115	114	111	110	
782	others	-341	8185	8182	2001	6405	2000	5649	8193	2479	8192	6147	3546	8187	2462	6801	6053	2939	8183	2987	360	
786	travel	-589	4900	2809	2024	4913	4893	4899	4904	4909	4891	4889	4412	2237	3406	4917	2021	4895	4896	2243	4906	4892	4910	4905	4894	4897	4915	2531	2402	
789	others	-306	3533	3535	3534	3532	
791	others	-111	10569	2487	10564	2308	10566	152	10565	7186	7672	10572	10571	219	10576	
795	others	-539	5721	2639	5722	5608	4162	3617	5723	2024	5716	4163	5724	
796	others	-604	4673	4631	4665	2453	4684	2347	4640	3145	4635	4634	4633	4682	4645	2152	4429	4694	4704	4646	4664	4674	4649	4648	4685	4670	4656	1905	4647	4688	4683	4632	4681	4691	4653	4643	3146	4697	4661	4700	4695	4686	4644	4676	4650	4699	2862	152	4642	3642	4693	4657	4675	129	3865	4669	4666	4638	2412	4679	4701	4692	4677	4687	4651	4658	
797	others	-1214	78	
799	others	-548	5519	5554	5526	2183	3753	5581	5543	5541	5545	5583	5561	5558	2343	5524	5589	1981	5568	5521	5586	5576	3443	5536	5533	5535	5585	3132	5522	2487	5575	4174	1880	5579	4955	1865	5562	5550	4504	4500	5080	5557	5530	5574	5525	5590	5548	5531	5563	2862	5529	2786	5570	5573	4508	5528	5571	5520	5527	5567	5565	2693	5556	5553	5551	5532	5081	5546	5542	5578	5549	407	5547	5577	5555	5560	5582	5540	3438	
800	others	-309	5525	5527	5081	4500	5567	5529	5557	5538	5548	4501	3443	5544	5578	5583	5564	4508	5579	1715	5530	5539	5556	5520	5566	5582	3028	5547	5528	5563	1536	5551	5554	5573	3132	5543	5550	4174	5521	5519	1880	5577	5555	4955	5588	5589	5574	5532	407	5587	5584	5523	2693	5536	2343	5581	5562	5559	5540	5534	5537	5586	5568	5560	2786	3438	5590	5541	5150	5569	1865	5542	2862	3753	5571	5546	5552	4504	2183	5524	5561	5580	5535	2152	5570	5080	5576	5549	5545	
804	others	-927	1195	1198	1197	
805	travel	-100	8921	10678	10679	7777	3865	10681	10677	10586	2467	10683	10682	2608	2139	2652	9666	2021	3761	7065	2545	4710	
808	travel	-415	6579	6601	2858	6599	6583	6587	6600	6588	6613	6618	6584	1987	6593	2291	6615	6598	6610	4160	6578	6611	6597	6589	6581	6595	6582	6616	6592	6619	1938	6591	6623	6612	6606	6463	6603	541	6159	6609	6585	2695	6621	1630	4089	6617	87	3174	35	
809	others	-427	5571	2487	3443	5527	5556	5150	5590	5563	5530	5559	5545	5575	2152	5585	5584	5532	5570	5080	5526	5081	5564	4500	5524	4955	5586	5543	3438	2786	5561	5568	1536	5579	5558	5537	2343	5521	1715	5589	5569	5546	5531	5572	5587	5565	5525	5534	5544	2183	3028	1981	5562	
812	others	-769	1728	538	1729	
814	travel	-375	2646	7757	3763	7758	7761	7760	6753	7762	
817	others	-835	1508	865	499	
818	others	-1097	540	193	539	225	538	
820	travel	-1060	40	675	673	671	
823	others	-477	2862	5577	5560	5585	5568	4955	3028	5556	5584	5538	5567	407	5543	5533	4174	2487	5570	5555	5554	5081	5559	5587	5551	5546	5574	5525	1865	5591	1880	5535	5523	5529	5558	5572	4501	5528	5542	5576	5539	1817	3753	5522	4508	5521	1715	5557	5550	5530	5553	4504	4500	5580	5552	5547	2693	
826	restaurant	-702	3058	3069	3071	3082	3056	3074	3062	2971	3059	3083	2608	3085	3075	3084	3073	3067	3081	3057	2252	2531	3060	3065	2008	3072	3076	3055	2018	
827	food	-408	6800	2814	6791	6797	3307	6795	6801	2495	6790	6799	3348	6796	1891	2911	1985	3728	1987	2894	
830	food	-636	4178	4180	4176	2248	4177	4175	
831	food	-113	2182	10549	10554	1906	2379	2178	4934	6128	2034	2008	10550	2732	10553	
832	food	-506	1987	23	5083	6213	1985	5011	157	3865	6226	6228	1907	6208	1868	6209	6220	6221	6230	5994	6224	1906	6212	6229	6222	6210	6215	6225	1908	3241	2646	6216	2156	6231	6207	6211	764	6217	6219	1997	6206	2431	
834	food	-481	2950	3350	3329	3339	2009	3348	1982	3321	3319	3316	1987	3341	3333	3328	3318	3324	1985	3327	3330	1938	3343	3344	3334	3340	3336	3338	3342	3317	3323	3335	3315	3345	3346	2912	2818	1993	148	3332	3349	3320	
835	restaurant	-211	8989	8576	9505	9506	8067	5094	9508	3512	2531	1721	2709	3151	5625	9504	9501	9509	3695	8676	1987	6676	4198	2183	9502	
836	restaurant	-424	7155	1238	5311	7159	3350	7178	7176	7182	7145	7165	7157	1995	7187	7173	2759	7175	7163	7172	1917	3724	4061	6071	5543	7170	7152	7186	6076	4680	4016	7146	7185	1162	7161	7171	7180	7169	5014	
838	restaurant	-316	2629	3458	
839	food	-296	2759	8193	6801	8186	8184	3337	5649	8192	8185	2000	8182	360	6405	8181	2939	6147	6053	3546	
840	restaurant	-211	3695	6676	8989	4198	9505	1987	2014	9506	1721	5625	8676	9502	8576	2183	9503	9501	3151	9509	
843	food	-516	6090	6085	1906	161	4342	6083	2531	6084	6088	6086	6087	1987	6089	
847	food	-177	1891	
850	food	-79	10899	1882	10900	1891	10054	5322	2818	3865	2709	
852	food	-741	2174	2175	2182	2179	2178	2177	2181	2184	
855	restaurant	-202	3190	9601	
856	food	-74	1825	253	3173	2402	3292	3281	3285	3181	3283	3288	
860	food	-390	7617	1891	328	2582	2905	7615	2024	
861	food	-490	3074	3605	6369	5577	6366	1905	6289	6288	2	2069	6368	6370	6367	
863	food	-1215	
864	food	-557	5361	5366	5332	5347	2479	2759	5341	5358	3840	5354	3835	2183	5363	1536	5367	5357	161	5345	5329	5365	5330	5344	5340	3605	2550	5356	2402	5342	4508	2776	5353	5339	
866	food	-717	2762	2768	2744	1882	2778	2732	2730	2750	2761	2748	2767	2801	2727	2739	2726	2753	2738	2807	2808	2785	2806	2724	2796	2770	2791	2749	2152	2747	2746	2766	2742	2789	2723	1983	2721	2725	2777	1832	2772	2787	2799	2715	2798	2790	2751	2800	2233	2426	2729	2802	2795	
868	restaurant	-470	2618	2531	6625	
870	food	-577	5081	5034	5066	5061	5057	4429	5085	5079	5070	5072	5067	5068	5080	5062	5060	5086	5084	5076	5083	2	5069	5073	5074	
872	food	-146	7653	2595	8881	10054	10053	6516	
873	restaurant	-655	1536	3205	2786	2987	3799	2608	2024	
875	food	-114	10546	3979	10545	10544	
878	food	-716	2156	2812	1908	2809	2810	2811	2786	1976	2815	2816	2818	2814	1907	2813	2819	2817	1891	
880	food	-570	5176	
882	restaurant	-163	641	3753	3678	3703	3672	1981	1989	3679	3734	3750	3700	2152	409	3146	3671	3706	3747	3754	3663	3731	3748	3719	3683	3732	3696	2802	3713	3711	3681	3666	3718	3685	3725	3687	3654	3667	3699	3714	3688	3729	3695	2783	3701	3689	3694	3662	3673	3691	3735	3655	3742	3727	3730	3746	3716	3712	3677	3749	3327	1983	3751	3715	3164	2704	3740	3708	3684	3721	2926	3733	3693	2776	3665	3661	3686	3692	3653	3668	2003	1536	3664	3723	3446	2607	
885	food	-397	7536	1932	7555	4827	7558	7541	7528	7539	7544	7550	1985	7560	7551	5507	7524	7534	5406	4282	7526	7523	1717	3314	7535	3001	2693	2680	1411	7553	7529	5415	7563	7531	7537	7554	7522	7525	7533	4168	2450	7538	2478	7561	7562	7548	6315	157	
887	food	-135	3194	3188	3196	3195	3191	3189	3192	3193	3186	3190	
890	restaurant	-638	3109	4113	4141	2010	4099	4124	4128	4135	2782	2000	4127	4094	3195	3601	2830	4139	4102	4131	4105	4129	4142	2908	4130	4149	4145	4125	4097	4095	4116	2858	4136	4065	4100	4098	4104	4117	2548	4146	4108	4147	4133	4140	4103	4144	4109	4148	4110	4121	4114	4119	2304	3338	3614	4138	4123	
891	food	-422	1835	7254	7221	3303	7237	3725	3754	7208	7243	5080	2173	3840	7234	7225	3944	7252	7259	3892	7207	2936	2431	5011	7257	7226	7279	7215	7212	7262	3390	7240	6404	7249	7218	7211	2343	3001	7278	7291	7271	7231	4167	7245	2729	7256	3337	4303	7290	3284	2861	1987	7210	7268	3896	7274	2686	7276	7241	7288	7213	4832	7253	7242	7287	2547	7239	7285	7230	7282	7248	7228	1938	7275	5255	7251	7217	7250	7224	7222	7101	7270	7214	7246	7260	7272	7227	7219	7265	7223	7264	7235	7292	7229	7277	7216	7232	7266	3883	7119	2720	7261	7255	7283	7269	4428	2156	7280	4764	7238	3841	7267	7284	
892	restaurant	-504	6246	2412	6252	3109	2653	2043	1639	6241	6240	6264	6247	6254	4674	3205	6261	6259	5507	4161	6262	3883	6251	6256	2247	2152	6248	6255	6265	6249	6242	6245	6243	6258	1536	
893	food	-329	8357	1536	8356	5997	8359	5094	8189	2531	1891	5850	2004	8355	2930	8358	
896	food	-465	6686	2531	6680	6685	3805	500	6681	3937	1536	6318	6684	6683	
897	food	-124	10416	5508	2432	152	10411	2183	2179	10418	10414	10417	2024	
898	food	-706	2990	795	2995	2608	2991	1411	2971	2985	2992	2997	2984	2989	2709	2998	2775	2996	2818	2577	2986	2786	1813	2994	
899	food	-513	1909	1908	6099	3133	2531	
902	food	-682	2550	1891	2808	3310	3199	2987	3313	3309	3308	
904	food	-89	2709	4151	3340	4152	2862	4159	4172	4173	4162	4155	2710	4164	4154	2639	2487	2759	4156	4169	3334	2642	4157	4153	4165	4170	4166	4150	4167	4163	4174	2183	
908	food	-332	8324	339	2924	2974	8330	8300	8329	8302	8326	3955	2139	8328	8314	8315	8305	8318	8323	8320	8313	8304	2477	8299	8301	8317	1906	3001	2394	8310	2024	8311	8325	8331	8303	8319	
911	food	-346	8153	8150	8143	8147	1536	5481	8158	2004	3001	8141	8145	2006	8149	8159	2291	7777	3976	3270	2603	2402	389	8156	8151	3600	8146	8154	2508	2582	8148	
914	food	-576	795	5107	5101	5113	5104	5103	5117	5095	3001	4778	3739	5115	2877	5099	5116	5092	5105	3899	5111	1980	3270	5109	2393	4872	2429	5114	5110	4371	5088	2154	3194	5089	5094	5108	5100	5096	5106	3524	5097	4169	5091	
918	food	-224	1906	8945	9430	9423	9422	9426	2024	9427	4194	3535	
919	restaurant	-597	4788	795	3438	4784	148	2642	4786	4278	2014	3479	4792	4783	2830	4779	2985	4790	4782	2183	
922	restaurant	-22	11532	10188	11533	11523	11534	11528	4942	11526	11539	11538	11530	11524	8371	9748	11535	11527	
924	food	-290	8724	2343	8719	8715	8717	8738	8737	8725	2010	8730	2179	8734	8741	1986	2183	8716	8723	8726	8731	8722	8740	4508	8727	8718	8736	8728	2307	5004	6404	8739	2759	8720	8729	
926	food	-608	2646	4549	2156	2941	1891	4546	4547	2531	3048	3190	4545	
927	food	-131	2479	2999	1987	2786	10316	1891	10318	10311	2154	2929	2608	
931	restaurant	-387	2512	7626	7630	7629	2653	5290	2059	2182	7627	7628	7631	2000	7632	2858	3151	
933	food	-687	2971	3240	3243	2797	3242	2009	1862	3239	
940	food	-355	2152	8038	3151	
941	restaurant	-316	2629	3458	8546	
947	food	-128	3463	10331	2511	3190	
948	food	-577	2	5077	5083	2641	5082	5084	2139	5059	2002	5060	4429	3278	5081	3338	2754	5058	5079	5086	1917	5072	5068	5057	5080	5064	5075	5073	5063	5076	
951	food	-458	6744	6748	3535	6754	6747	5852	6745	6742	2618	4194	2021	6746	6750	6749	4086	6740	3437	6752	6743	
952	restaurant	-389	2014	3642	1896	7620	1979	1536	7619	7624	2495	2397	7625	
954	food	-201	3190	2639	3062	3617	1899	
956	restaurant	-621	3709	3687	3722	3737	3698	2569	3755	3744	3677	2783	3747	2607	3682	3713	3700	3719	3732	2003	3679	3705	3668	3660	3681	3673	3678	3695	3661	3752	2139	2410	3717	3685	3748	3697	3654	3729	3712	3693	3327	3146	3739	2009	3723	3656	1981	3702	3690	3751	3710	3663	3706	3715	641	3708	3736	3741	3655	1864	3730	3674	1855	1983	3716	1835	3699	2550	3670	3657	3676	3701	3664	3694	1536	3686	3714	2152	3725	1997	2704	3728	1989	2926	3735	2808	3704	2802	3707	3684	3753	3696	3669	3726	3703	3665	3711	3164	3659	3746	3653	3718	3692	3691	3738	3675	3754	3720	3667	3689	3745	2544	3749	3666	3721	3734	3740	3731	2829	3658	3672	3743	3680	3688	3742	3727	3733	3724	3683	3446	3671	2776	3750	409	3662	
957	food	-390	2582	7614	1536	7617	2705	1891	2024	7615	2905	2433	
960	restaurant	-4	11717	11718	1536	8901	4625	11738	11745	4543	11750	11742	11714	11711	8828	11743	11744	3365	4342	5657	11728	3896	2139	11729	4906	4141	2438	11735	11754	11746	11740	11722	4219	5685	11752	3144	11702	2183	11706	1987	4619	4186	11727	2311	11716	2464	4412	9565	11166	11732	4593	2450	11721	3891	1906	2459	11712	2151	11751	11741	2152	11708	1876	11725	11723	11739	11724	3222	2513	1721	11731	8714	1411	2059	795	
961	food	-689	3232	1891	
963	food	-667	3542	3541	3546	3539	3538	161	3537	2548	3547	2531	3540	3536	1536	3543	
964	food	-558	1891	2152	2640	2709	
965	restaurant	-142	10179	10157	10140	10176	10187	10168	10167	6038	10211	1817	10206	10209	10160	3083	4619	4516	1906	2894	2022	10202	10175	10150	4186	8545	10154	2491	6089	10161	2024	2473	10195	10173	10205	4703	2018	10212	8989	10192	10166	10171	10183	10196	10170	10207	2021	10189	10174	10190	10153	5073	10215	10199	5704	4689	10201	10181	10142	5714	5997	5480	1864	7817	10185	10159	10177	10165	10200	10144	9516	4218	10172	10147	10152	10180	3512	10213	10208	10182	9567	10143	10158	10145	
969	restaurant	-389	7625	3642	1979	7619	7623	7620	2495	5800	7621	2014	2608	7624	
970	food	-1161	342	25	21	343	304	340	20	344	341	
973	restaurant	-722	2021	2643	2637	2645	2639	2636	2646	2618	2641	2003	148	2642	2644	
976	food	-54	5185	1906	6087	6086	3603	6083	6090	6089	4342	2531	
