-1225	354	470	
-1224	
-1223	579	
-1222	253	
-1221	
-1220	
-1219	
-1218	
-1217	68	
-1216	
-1215	
-1214	
-1213	464	
-1212	
-1211	
-1210	
-1209	
-1208	256	
-1207	
-1206	117	398	
-1205	47	184	
-1204	605	
-1203	52	
-1202	
-1201	
-1200	283	438	
-1199	
-1198	
-1197	
-1196	
-1195	
-1194	
-1193	
-1192	537	
-1191	399	
-1190	
-1189	
-1188	
-1187	
-1186	
-1185	153	
-1184	604	
-1183	
-1182	
-1181	
-1180	397	
-1179	
-1178	
-1177	522	
-1176	
-1175	
-1174	
-1173	161	
-1172	
-1171	
-1170	
-1169	
-1168	
-1167	
-1166	
-1165	
-1164	
-1163	43	217	
-1162	
-1161	
-1160	364	
-1159	
-1158	619	
-1157	
-1156	
-1155	678	
-1154	
-1153	442	
-1152	
-1151	
-1150	33	
-1149	
-1148	
-1147	
-1146	
-1145	
-1144	
-1143	396	523	
-1142	
-1141	
-1140	
-1139	661	
-1138	
-1137	157	
-1136	
-1135	
-1134	
-1133	
-1132	
-1131	
-1130	677	
-1129	
-1128	
-1127	476	
-1126	
-1125	3	
-1124	
-1123	
-1122	365	
-1121	
-1120	
-1119	
-1118	
-1117	
-1116	
-1115	212	
-1114	223	
-1113	
-1112	
-1111	586	
-1110	
-1109	
-1108	
-1107	
-1106	98	426	
-1105	
-1104	
-1103	487	
-1102	
-1101	286	
-1100	
-1099	
-1098	192	
-1097	
-1096	325	
-1095	
-1094	
-1093	
-1092	
-1091	
-1090	
-1089	
-1088	
-1087	
-1086	
-1085	
-1084	
-1083	
-1082	45	
-1081	
-1080	
-1079	
-1078	
-1077	
-1076	612	
-1075	
-1074	
-1073	666	
-1072	
-1071	257	
-1070	
-1069	66	393	
-1068	
-1067	
-1066	
-1065	
-1064	
-1063	
-1062	205	
-1061	
-1060	
-1059	
-1058	180	
-1057	314	
-1056	
-1055	336	
-1054	317	
-1053	
-1052	
-1051	384	
-1050	81	433	
-1049	
-1048	
-1047	
-1046	
-1045	436	
-1044	
-1043	
-1042	
-1041	
-1040	567	
-1039	529	
-1038	613	
-1037	
-1036	
-1035	
-1034	469	598	
-1033	
-1032	441	
-1031	
-1030	618	
-1029	
-1028	
-1027	
-1026	50	
-1025	
-1024	
-1023	196	
-1022	
-1021	159	
-1020	349	
-1019	459	647	
-1018	
-1017	70	
-1016	
-1015	160	387	
-1014	228	429	662	
-1013	
-1012	683	
-1011	
-1010	
-1009	401	
-1008	72	
-1007	
-1006	
-1005	355	
-1004	
-1003	304	
-1002	
-1001	
-1000	615	
-999	
-998	
-997	
-996	
-995	
-994	360	
-993	
-992	536	
-991	474	534	
-990	
-989	663	
-988	
-987	
-986	
-985	41	
-984	22	425	
-983	
-982	
-981	260	
-980	
-979	
-978	616	
-977	
-976	
-975	282	
-974	
-973	
-972	9	525	
-971	667	
-970	
-969	295	
-968	347	
-967	
-966	
-965	
-964	
-963	78	
-962	
-961	
-960	
-959	255	356	
-958	
-957	352	
-956	
-955	296	
-954	509	
-953	566	
-952	
-951	
-950	
-949	23	
-948	
-947	329	575	
-946	145	
-945	
-944	
-943	434	
-942	
-941	37	
-940	247	
-939	
-938	
-937	36	
-936	
-935	
-934	
-933	
-932	
-931	
-930	
-929	
-928	
-927	
-926	
-925	
-924	
-923	
-922	
-921	
-920	
-919	
-918	181	
-917	
-916	
-915	248	
-914	
-913	
-912	
-911	
-910	
-909	430	
-908	113	465	
-907	
-906	
-905	
-904	119	
-903	
-902	346	609	
-901	20	
-900	608	
-899	332	488	
-898	326	
-897	
-896	
-895	
-894	
-893	152	
-892	
-891	
-890	
-889	
-888	631	
-887	
-886	644	
-885	
-884	
-883	675	
-882	
-881	
-880	
-879	
-878	106	
-877	
-876	
-875	466	
-874	
-873	
-872	
-871	587	
-870	610	
-869	
-868	
-867	77	
-866	210	
-865	110	
-864	318	637	
-863	
-862	
-861	320	
-860	
-859	
-858	
-857	64	141	
-856	
-855	671	
-854	
-853	473	489	
-852	17	497	
-851	668	
-850	
-849	174	359	
-848	246	
-847	
-846	111	
-845	
-844	303	
-843	
-842	
-841	
-840	
-839	40	
-838	173	603	
-837	424	
-836	
-835	
-834	
-833	14	
-832	
-831	538	
-830	363	
-829	
-828	
-827	
-826	
-825	
-824	226	
-823	32	
-822	
-821	
-820	
-819	
-818	
-817	
-816	394	
-815	
-814	
-813	176	
-812	
-811	
-810	
-809	
-808	292	
-807	
-806	
-805	
-804	
-803	
-802	
-801	532	
-800	321	
-799	1	21	
-798	
-797	
-796	
-795	
-794	
-793	0	392	
-792	
-791	
-790	386	
-789	
-788	
-787	
-786	383	
-785	
-784	335	
-783	
-782	
-781	
-780	207	
-779	348	
-778	
-777	680	
-776	
-775	
-774	
-773	
-772	577	
-771	
-770	
-769	
-768	
-767	
-766	300	
-765	
-764	455	526	
-763	
-762	
-761	
-760	
-759	54	635	636	
-758	
-757	288	539	
-756	118	
-755	209	
-754	
-753	
-752	
-751	
-750	493	
-749	243	
-748	319	
-747	
-746	
-745	
-744	633	
-743	
-742	
-741	
-740	187	
-739	
-738	
-737	
-736	
-735	
-734	
-733	362	
-732	
-731	
-730	
-729	155	
-728	218	614	
-727	250	
-726	
-725	
-724	
-723	194	
-722	
-721	
-720	
-719	
-718	
-717	
-716	
-715	
-714	51	
-713	
-712	646	
-711	
-710	
-709	
-708	
-707	
-706	
-705	617	
-704	
-703	
-702	
-701	
-700	
-699	564	
-698	
-697	
-696	535	
-695	582	
-694	
-693	
-692	
-691	578	
-690	
-689	
-688	
-687	
-686	456	
-685	208	
-684	
-683	
-682	
-681	67	
-680	
-679	
-678	
-677	
-676	177	
-675	669	679	
-674	
-673	
-672	
-671	114	
-670	147	
-669	
-668	
-667	
-666	
-665	
-664	
-663	
-662	
-661	
-660	324	
-659	108	
-658	2	472	531	
-657	337	
-656	
-655	244	
-654	
-653	640	
-652	
-651	
-650	74	289	
-649	446	
-648	
-647	571	
-646	
-645	367	
-644	
-643	572	
-642	
-641	361	
-640	443	444	
-639	219	
-638	
-637	
-636	
-635	291	
-634	
-633	
-632	
-631	
-630	
-629	463	
-628	
-627	
-626	
-625	
-624	
-623	
-622	
-621	
-620	
-619	42	570	
-618	
-617	206	
-616	
-615	11	
-614	
-613	
-612	382	
-611	
-610	581	
-609	358	
-608	
-607	540	
-606	
-605	
-604	
-603	
-602	378	530	
-601	290	
-600	
-599	
-598	
-597	
-596	
-595	
-594	
-593	83	461	
-592	156	
-591	107	
-590	
-589	
-588	
-587	
-586	
-585	
-584	
-583	
-582	
-581	238	
-580	
-579	142	
-578	76	
-577	
-576	
-575	
-574	
-573	
-572	
-571	630	
-570	
-569	395	
-568	521	
-567	
-566	385	
-565	
-564	388	634	
-563	6	287	
-562	
-561	
-560	458	
-559	499	506	
-558	222	
-557	
-556	583	
-555	
-554	225	672	
-553	
-552	
-551	53	
-550	
-549	
-548	
-547	
-546	
-545	
-544	
-543	
-542	216	
-541	
-540	
-539	
-538	
-537	
-536	
-535	
-534	
-533	368	
-532	584	
-531	241	681	
-530	
-529	
-528	
-527	
-526	490	
-525	
-524	
-523	
-522	
-521	
-520	639	
-519	
-518	
-517	
-516	
-515	
-514	
-513	
-512	
-511	
-510	
-509	602	
-508	460	
-507	
-506	
-505	
-504	259	
-503	
-502	
-501	
-500	
-499	
-498	96	
-497	
-496	
-495	
-494	524	
-493	97	
-492	
-491	
-490	115	
-489	
-488	101	478	
-487	
-486	258	
-485	
-484	75	
-483	39	
-482	
-481	
-480	
-479	
-478	
-477	
-476	
-475	
-474	
-473	
-472	
-471	
-470	
-469	
-468	
-467	
-466	
-465	
-464	
-463	
-462	
-461	353	
-460	
-459	
-458	112	323	
-457	
-456	
-455	315	
-454	
-453	
-452	
-451	4	
-450	
-449	
-448	
-447	
-446	46	428	
-445	674	
-444	
-443	
-442	
-441	
-440	
-439	596	
-438	186	
-437	642	
-436	366	
-435	
-434	
-433	
-432	
-431	334	
-430	
-429	
-428	475	
-427	369	
-426	
-425	435	
-424	
-423	
-422	541	
-421	
-420	
-419	
-418	
-417	7	
-416	
-415	
-414	
-413	
-412	
-411	85	
-410	
-409	
-408	
-407	
-406	
-405	
-404	
-403	188	
-402	
-401	
-400	148	
-399	55	
-398	
-397	227	350	427	528	
-396	
-395	
-394	38	597	
-393	
-392	638	
-391	
-390	
-389	
-388	
-387	163	
-386	
-385	641	
-384	573	
-383	574	
-382	
-381	
-380	
-379	
-378	
-377	144	
-376	500	
-375	645	
-374	
-373	18	
-372	179	
-371	
-370	149	221	
-369	162	
-368	
-367	193	
-366	
-365	19	
-364	
-363	
-362	
-361	104	305	
-360	
-359	
-358	8	
-357	16	520	
-356	
-355	
-354	
-353	
-352	65	431	
-351	
-350	
-349	
-348	
-347	
-346	
-345	
-344	606	
-343	
-342	
-341	
-340	302	
-339	
-338	
-337	
-336	503	
-335	
-334	
-333	146	
-332	
-331	
-330	
-329	
-328	
-327	195	
-326	
-325	
-324	
-323	
-322	
-321	189	
-320	390	
-319	
-318	251	
-317	
-316	
-315	660	
-314	423	
-313	
-312	
-311	
-310	84	
-309	599	
-308	510	651	
-307	
-306	496	
-305	
-304	
-303	
-302	48	
-301	
-300	
-299	
-298	
-297	
-296	
-295	
-294	150	
-293	
-292	
-291	565	
-290	
-289	
-288	649	664	
-287	
-286	601	
-285	
-284	650	
-283	13	240	
-282	
-281	
-280	
-279	71	178	491	
-278	
-277	611	
-276	
-275	87	
-274	569	
-273	
-272	
-271	
-270	
-269	676	
-268	471	
-267	
-266	
-265	239	
-264	220	
-263	
-262	82	
-261	432	
-260	440	
-259	
-258	182	191	
-257	
-256	391	
-255	79	158	
-254	
-253	
-252	99	100	
-251	508	
-250	
-249	333	
-248	
-247	213	
-246	109	
-245	
-244	
-243	80	284	
-242	
-241	
-240	
-239	
-238	327	
-237	
-236	357	
-235	
-234	102	
-233	
-232	643	
-231	439	
-230	322	
-229	
-228	
-227	632	
-226	73	294	
-225	301	
-224	44	
-223	
-222	49	
-221	
-220	
-219	
-218	
-217	
-216	
-215	190	
-214	
-213	
-212	
-211	330	
-210	
-209	
-208	
-207	
-206	
-205	
-204	457	
-203	
-202	
-201	331	
-200	
-199	
-198	103	
-197	
-196	400	
-195	
-194	
-193	
-192	
-191	
-190	164	
-189	
-188	
-187	
-186	
-185	
-184	105	673	
-183	
-182	
-181	215	468	
-180	445	
-179	
-178	
-177	
-176	
-175	
-174	
-173	
-172	
-171	5	
-170	
-169	
-168	
-167	183	501	
-166	
-165	35	
-164	
-163	
-162	
-161	505	
-160	542	
-159	
-158	
-157	
-156	
-155	
-154	
-153	34	242	
-152	568	
-151	
-150	
-149	
-148	576	
-147	
-146	298	
-145	
-144	
-143	
-142	
-141	
-140	
-139	
-138	
-137	
-136	285	
-135	
-134	
-133	629	
-132	
-131	
-130	
-129	143	665	
-128	
-127	
-126	316	
-125	
-124	69	
-123	507	
-122	
-121	15	533	
-120	237	252	
-119	
-118	
-117	
-116	
-115	116	494	
-114	
-113	
-112	
-111	86	
-110	
-109	
-108	
-107	211	297	
-106	
-105	389	
-104	
-103	
-102	
-101	381	
-100	249	
-99	
-98	
-97	
-96	
-95	
-94	
-93	
-92	
-91	
-90	
-89	
-88	380	
-87	245	
-86	
-85	
-84	682	
-83	299	502	
-82	
-81	
-80	
-79	
-78	
-77	
-76	175	
-75	
-74	
-73	
-72	224	
-71	477	
-70	
-69	
-68	
-67	
-66	151	379	
-65	
-64	328	
-63	
-62	
-61	
-60	
-59	
-58	
-57	
-56	293	
-55	
-54	
-53	580	
-52	670	
-51	
-50	
-49	
-48	
-47	
-46	
-45	585	
-44	10	
-43	
-42	
-41	
-40	498	527	
-39	628	
-38	
-37	
-36	214	
-35	254	
-34	
-33	504	
-32	495	
-31	
-30	185	492	607	
-29	
-28	519	
-27	
-26	
-25	
-24	
-23	
-22	
-21	437	467	
-20	12	600	
-19	
-18	
-17	
-16	154	
-15	
-14	
-13	
-12	
-11	
-10	
-9	
-8	
-7	
-6	
-5	462	
-4	648	
-3	351	
-2	
-1	
