shoes	0	15	43	66	205	217	246	255	283	286	291	292	304	325	356	365	384	392	393	396	397	438	523	529	533	537	578	610	612	613	615	616	632	638	671	683	
clothing	3	17	34	36	37	41	45	46	50	52	54	64	70	72	81	111	113	118	141	159	160	173	180	196	209	212	242	253	257	300	302	314	315	317	320	324	354	380	385	386	387	401	428	433	434	436	460	464	465	470	476	497	522	532	536	567	603	605	608	618	619	631	635	636	660	666	667	675	
cosmetics	8	9	14	33	39	77	78	79	83	96	145	158	176	181	183	185	192	207	223	226	247	282	295	303	326	335	363	383	424	430	461	473	474	487	489	492	493	498	501	509	525	527	534	535	538	581	604	607	630	649	661	663	664	668	677	
restaurant	163	182	191	194	244	259	290	330	333	362	382	388	423	440	457	602	634	648	676	
electronics	5	68	179	187	188	213	215	220	243	254	327	332	346	389	468	488	490	508	519	540	609	611	629	644	670	
bank	10	20	49	71	73	82	105	146	148	155	178	206	237	239	241	251	252	294	366	491	505	507	510	542	564	573	579	617	651	673	681	
accessories	1	21	22	23	40	116	119	151	174	228	288	296	299	329	336	347	348	349	352	353	359	364	379	394	425	429	435	441	446	459	466	494	502	539	566	575	577	647	662	
food	13	18	19	35	38	42	44	53	55	65	69	75	85	97	99	100	101	103	109	112	115	117	142	177	186	189	193	208	218	222	227	240	245	250	298	316	323	331	350	351	390	391	395	398	399	427	431	432	456	458	475	477	478	499	500	504	506	521	528	541	565	570	572	576	580	584	585	597	614	633	641	680	682	
bags	321	355	471	678	
travel	2	11	74	76	84	102	143	144	149	162	221	224	238	249	289	301	328	334	445	469	472	531	596	598	642	643	645	665	
others	4	6	7	12	16	32	47	48	51	67	80	86	87	98	104	106	107	108	110	114	147	150	152	153	154	156	157	161	164	175	184	190	195	210	211	214	216	219	225	248	256	258	260	284	285	287	293	297	305	318	319	322	337	357	358	360	361	367	368	369	378	381	400	426	437	439	442	443	444	455	462	463	467	495	496	503	520	524	526	530	568	569	571	574	582	583	586	587	599	600	601	606	628	637	639	640	646	650	669	672	674	679	
