0	shoes	-793	1653	6	647	721	
1	accessories	-799	1631	1630	87	1629	
2	travel	-658	3766	3767	2623	3763	3756	3761	3759	3230	3760	3764	3765	3762	3535	2545	2155	2818	2971	2963	3757	
3	clothing	-1125	415	83	468	466	199	42	470	277	6	467	
4	others	-451	6801	6798	6795	2180	3133	2495	6794	2894	6797	2774	1982	3307	1987	1985	1841	6799	3728	6793	1891	6792	3348	6790	6796	6791	2814	
5	electronics	-171	7515	9790	5711	9798	9149	2000	6463	2759	2550	9789	1927	5507	3001	2080	2985	9787	9788	9799	9797	9796	9791	9795	6146	9792	
6	others	-563	5210	5209	5204	5206	1868	5212	5207	
7	others	-417	2786	5535	5577	5552	5570	5590	5536	5544	5534	3132	5585	5551	5566	5558	1817	4508	5519	5579	5587	5588	5525	5586	5526	5537	5589	5520	2183	1880	2862	407	4955	3438	5571	5548	5560	4501	5522	5559	5532	5080	5081	5547	5568	5553	5521	5523	5150	2152	5524	5554	1536	5567	5565	5584	5582	5574	5576	5578	5557	5583	2487	5528	5561	5562	5563	5533	5531	4504	5538	5545	3443	5549	5555	5572	1715	5542	5543	5527	5575	1981	2693	5581	
8	cosmetics	-358	8011	795	8009	8013	8010	1906	4068	2230	8014	
9	cosmetics	-972	201	1026	1027	59	58	16	
10	bank	-44	2536	11235	11245	6552	10938	11256	1995	8978	3035	9077	11267	3074	11259	29	11263	11229	2024	2861	3109	11238	11231	11247	1906	11243	5145	11244	10540	4426	2708	11252	11250	4191	11246	5717	2426	7115	4356	11266	11237	11254	11043	1816	11232	6019	11261	11262	11251	11241	
11	travel	-615	4421	2703	4356	4424	3709	
12	others	-20	4479	4516	4480	4503	4509	4504	2223	2152	4496	4510	3151	4501	4502	4483	4508	4488	4517	4459	3156	4514	4458	3805	4506	500	4520	4474	4460	4518	4521	1411	4467	4515	4462	2759	4497	4498	4511	4492	4507	4489	4468	4475	4477	4494	4466	
13	food	-283	8797	409	8810	8801	3527	8577	8798	5994	2646	8812	8804	2079	8800	8808	8576	8803	2491	8802	
14	cosmetics	-833	304	1512	
15	shoes	-121	10430	253	8043	1906	2651	10431	6025	824	3442	10433	10429	
16	others	-357	3510	5700	2653	2974	2182	8019	2179	8018	8015	2971	1906	8020	2640	8016	8017	7953	
17	clothing	-852	371	399	1451	1450	
18	food	-373	7789	7799	7258	7790	7797	7795	1906	2974	7793	7801	7794	7798	7796	7792	7788	4419	7791	2646	7800	2139	2018	2024	
19	food	-365	7902	1906	2453	7903	7910	7909	7907	7905	2653	7904	7906	7901	
20	bank	-901	1286	
21	accessories	-799	87	1630	1629	
22	accessories	-984	546	644	
23	accessories	-949	1096	671	415	19	1098	184	
32	others	-823	1545	748	517	555	
33	cosmetics	-1150	386	385	
34	clothing	-153	1891	2437	6086	2433	5185	1899	
35	food	-165	9840	2809	9835	3600	9833	9831	9839	3085	2971	9842	9836	9829	9841	1817	2998	9826	9830	4457	45	5249	2315	3973	9827	8149	9834	2252	157	3959	272	1823	9828	3965	5146	148	9832	
36	clothing	-937	1023	677	1151	1149	277	227	1150	695	59	420	317	1148	
37	clothing	-941	1141	1142	1140	381	1138	
38	food	-394	2759	6347	6355	6150	6344	6340	6342	6343	6357	6351	6348	6353	5402	1865	6360	6358	6346	6349	6356	
39	cosmetics	-483	6465	6466	
40	accessories	-839	1496	1497	
41	clothing	-985	965	964	346	967	968	
42	food	-619	4364	1601	4366	
43	shoes	-1163	338	40	337	299	
44	food	-224	9025	2034	9427	3535	9422	4194	9430	9424	9423	9429	1906	2024	727	9426	9425	9428	
45	clothing	-1082	172	592	304	417	595	593	
46	clothing	-446	6931	6923	6913	6914	6922	6915	6925	6920	6910	6933	6918	6924	6921	3109	6919	6911	6912	6907	6908	2814	6928	3074	6916	6930	2605	3372	
47	others	-1205	140	138	139	137	
48	others	-302	148	1882	8622	8619	8621	3156	8609	2013	8618	5094	8614	8615	8620	8611	8610	7757	2974	2397	2709	8623	8612	8617	4384	5401	8613	
49	bank	-222	9437	5738	3022	9439	3151	3527	5739	
50	clothing	-1026	143	815	814	366	
51	others	-714	2838	2865	2852	1870	2513	2859	2848	2855	2818	2845	2860	2842	2841	2863	2850	2861	2844	2856	2857	2285	2837	2853	2862	2854	2156	
52	clothing	-1203	149	25	148	151	
53	food	-551	2703	5497	5502	1891	5498	5506	5504	3265	5503	3898	5289	1536	5505	2222	5500	5496	1868	4886	5507	2435	5501	5499	
54	clothing	-759	1747	1475	1646	376	1748	
55	food	-399	7516	7512	7514	7515	
64	clothing	-857	1440	144	1441	
65	food	-352	8079	3659	2402	8077	8075	2759	8076	3903	8074	8078	8073	8072	3865	5415	
66	shoes	-1069	639	638	504	635	35	636	146	381	274	168	44	640	624	434	
67	others	-681	3348	3323	3321	3322	3315	3333	148	3334	2912	3320	3347	3330	1987	3318	3343	3342	3325	3335	3341	3349	3337	2818	1993	
68	electronics	-1217	64	69	63	68	67	66	65	70	71	62	
69	food	-124	10414	5508	152	10415	10419	2183	10420	2971	2024	10413	10411	2432	10416	1705	
70	clothing	-1017	838	840	839	841	
71	bank	-279	8834	8835	2974	7757	8830	2182	8836	3612	8831	3151	8829	8832	2511	8833	
72	clothing	-1008	740	865	671	
73	bank	-226	2183	5416	2709	3617	5761	6863	
74	travel	-650	3857	2491	148	3847	3862	3858	3865	3850	3864	3859	272	3852	3861	3856	3846	3853	3851	3848	3860	3849	2653	3854	3867	3866	3863	
75	food	-484	6464	2182	
76	travel	-578	3190	4356	
77	cosmetics	-867	94	1410	430	
78	cosmetics	-963	922	1057	908	652	
79	cosmetics	-255	9084	9093	2473	9074	2245	9107	9100	9090	9086	9075	9110	9105	9071	1987	9104	9083	979	2009	9081	5507	9108	8980	3573	9095	9097	48	9076	8882	1536	2152	3083	2554	9094	9078	2133	2548	9099	9101	9109	2830	9089	7406	9087	6605	9092	9072	9091	3779	9082	9102	1934	9103	9085	9106	9098	9080	5150	2311	9096	2485	9073	9111	9077	9088	9079	
80	others	-243	2535	7052	5614	2709	3860	5169	2545	4587	3527	
81	clothing	-1050	713	714	711	416	
82	bank	-262	2432	2182	6123	3523	2513	2024	8993	3979	5508	8992	8994	2179	
83	cosmetics	-593	3305	3307	3306	2495	
84	travel	-310	4363	8582	8583	3434	4914	2413	2513	
85	food	-411	3308	2808	3310	1891	3313	795	3311	2987	2710	2608	3309	1882	
86	others	-111	10574	10567	10564	10565	2487	2651	10576	10570	152	7186	10569	
87	others	-275	8891	3190	1539	8895	3309	8893	8892	2464	7897	8894	
96	cosmetics	-498	2790	6331	6329	6330	1982	
97	food	-493	6230	2550	3199	2608	6339	3349	3000	6334	1891	6337	2971	1981	
98	others	-1106	
99	food	-252	2550	1882	5432	6161	1869	
100	food	-252	2550	5432	1882	8622	1869	9184	6161	
101	food	-488	4292	6401	3158	6398	6394	2710	2510	6393	4555	3206	6400	4187	2808	2701	6136	6402	1989	6403	6397	2642	3841	4508	6399	2577	4792	6395	3659	6404	2553	6391	6392	3270	6406	6405	2197	
102	travel	-234	3307	3306	3133	2495	
103	food	-198	4342	2154	1908	1976	9623	
104	others	-361	7958	7951	2709	2070	2310	7953	5479	7956	7952	7957	7954	4904	2648	7063	7959	
105	bank	-184	6553	4193	9712	3015	2152	9414	6552	9715	2614	8220	1866	1876	6769	
106	others	-878	1378	1377	121	1379	979	
107	others	-591	4857	4849	2988	4840	3546	4851	4858	4855	3510	3270	2544	2608	2392	4852	2835	3194	4847	2703	
108	others	-659	3717	409	3730	3722	3707	2783	3737	3705	2926	3682	3727	3710	3752	3676	3714	3672	3681	3662	3744	3739	3680	1536	3750	3690	3667	2550	3755	3698	3665	3732	2808	3704	3696	3656	3689	3715	3677	2003	3731	3686	3685	3712	2139	1989	3688	3728	2544	1997	3659	3695	3711	3738	3706	3723	2607	3683	3747	3726	3716	1835	3735	3721	3669	3733	2152	3693	3719	3674	3703	3327	3146	2704	3702	3664	1981	3657	3708	
109	food	-246	9281	9274	4180	9289	9277	9283	9285	5508	9279	8168	9286	9276	
110	others	-865	1421	1415	1420	1419	1418	
111	clothing	-846	266	1474	274	
112	food	-458	6740	4194	6741	6744	6743	6748	6745	6742	6750	6752	6754	2021	
113	clothing	-908	1269	82	970	277	145	1271	144	721	
114	others	-671	3510	3508	2491	3493	3507	2640	3502	1864	3075	148	3506	3509	3512	1536	3505	2182	3503	3513	3511	3194	3497	3496	2152	2179	3514	3500	2024	3498	
115	food	-490	6369	6366	6288	6368	6289	1905	3605	3074	6370	5577	2069	
116	accessories	-115	2548	2009	6937	3958	3447	10534	162	1536	10530	3868	8577	10528	2464	5242	2974	10535	2862	2395	10533	545	10537	2247	10532	10536	2532	
117	food	-1206	129	128	133	131	132	
118	clothing	-756	1753	1754	147	
119	accessories	-904	1279	1280	1055	741	
141	clothing	-857	1440	881	
142	food	-579	5053	3164	2642	5056	5054	2974	2629	753	5052	5055	
143	travel	-129	10324	10326	10329	10327	2024	10320	7757	10319	2183	7137	3190	10325	
144	travel	-377	5562	7741	2626	6447	5502	7745	5685	7729	7742	7728	7737	7740	7743	2601	2024	7746	2646	7738	7748	7734	2572	2343	7749	4429	2145	7733	7730	7736	7747	7735	7750	7739	7751	5714	1988	7744	3386	2410	7732	7731	1536	
145	cosmetics	-946	1118	641	442	
146	bank	-333	2070	8297	8290	29	8294	2412	8296	8298	2646	2491	2397	
147	others	-670	3523	2962	3530	2295	3519	2879	3516	3525	3410	148	3517	2024	3521	3528	3515	2180	1983	3522	3518	3527	2971	3526	
148	bank	-400	3616	3618	3615	3621	3620	3617	3619	2632	2178	
149	travel	-370	2651	6928	3761	7830	7831	7832	7836	2408	3760	
150	others	-294	8693	8692	8687	4617	5145	2183	3978	8689	8685	8684	2152	8677	3763	8679	8683	3535	4857	8691	3001	8682	
151	accessories	-66	11022	11026	2532	11025	11027	11024	7976	11023	11021	2626	2019	
152	others	-893	1314	376	668	
153	others	-1185	236	233	234	235	23	169	232	
154	others	-16	2222	1899	272	2079	11541	2412	11543	3081	1987	148	11542	5432	2152	11540	
155	bank	-729	2543	2544	2540	2539	2541	2547	2550	1882	
156	others	-592	3133	
157	others	-1137	274	79	436	6	
158	cosmetics	-255	9073	2009	6605	9099	9108	9087	2245	9080	2548	9093	9091	2473	9098	2485	1987	9079	9074	979	9092	3573	9089	3083	2311	9103	9086	9111	9106	9082	2554	9085	9105	9075	9071	3779	9078	9088	
159	clothing	-1021	826	825	
160	clothing	-1015	721	488	846	
161	others	-1173	118	286	288	
162	travel	-369	7749	4429	5502	2410	7730	6447	7739	7728	1906	7751	2626	2572	7735	7738	7736	2343	7734	2024	5562	7729	7750	7744	7732	7747	7745	3386	5714	
163	restaurant	-387	3151	3479	2858	2059	7629	7628	7627	7626	2000	7630	
164	others	-190	5539	5081	2786	4955	5578	5534	5580	5581	5520	5526	5555	4174	5557	5572	5551	3443	5530	5550	5583	5542	5574	5543	3132	4508	3438	5586	5589	5591	5541	5588	2343	5554	5522	5570	5080	5582	2487	5573	4500	5562	5537	5535	5549	1865	5521	5585	5560	5536	1536	5565	5564	3753	5519	5561	5577	1981	5531	1880	5532	407	5547	5568	2693	4501	5533	5544	2183	5529	2152	5576	5575	1715	5567	5524	5556	5540	5538	
173	clothing	-838	1499	
174	accessories	-849	376	1462	1461	1459	1460	
175	others	-76	4480	4504	4505	4475	4465	4481	4489	4466	4497	3805	2438	4496	2545	4492	4521	4483	4509	3151	3156	4518	1929	4514	4460	4490	4516	4501	4464	4520	4484	4477	3541	2392	2987	4186	2782	2223	4485	2608	4471	4511	4503	4459	4478	4472	4507	4473	1411	4519	4510	3001	4487	4522	4474	4512	4469	
176	cosmetics	-813	337	1581	1137	695	1466	
177	food	-676	3029	3071	2608	2491	
178	bank	-279	2182	2974	3151	8829	8834	8835	2511	8833	8830	8836	8832	
179	electronics	-372	7814	1727	2233	7815	7816	7817	6701	4162	7828	2759	7824	7502	2295	7825	7823	3535	6753	7803	7813	2183	7827	7804	7810	7805	7829	7826	7808	6312	7807	2545	4431	7811	7821	3389	7822	7819	7806	7820	4068	7809	7818	7812	
180	clothing	-1058	688	687	
181	cosmetics	-918	
182	restaurant	-258	4355	1906	2992	9049	2701	2930	9048	2996	2786	1721	157	2994	9047	3524	9050	3190	5738	1903	
183	cosmetics	-167	2385	9821	9816	2793	9108	9819	9817	9820	9825	2078	2153	1536	9823	118	
184	others	-1205	140	138	137	139	134	
185	cosmetics	-30	148	2511	2152	156	11412	11417	2019	11415	272	11421	1383	11411	11416	11420	2577	1536	2024	
186	food	-438	2230	7021	4907	2759	7024	7025	2135	1536	1891	4342	1991	7027	2020	3722	7026	
187	electronics	-740	1921	1927	1920	1915	1919	1925	1932	1929	1931	1924	1928	1912	1935	1918	1910	1926	1934	1939	1917	1942	1914	1937	1936	
188	electronics	-403	2021	2496	7477	7479	7476	2222	7475	2153	7471	2531	4953	2139	7482	7478	
189	food	-321	8438	8425	5601	1987	8437	8436	3845	2646	8431	8433	2569	2531	2720	8422	2686	8430	8440	8434	8427	8435	8423	8428	8439	8424	7574	8426	
190	others	-215	9479	8691	2818	
191	restaurant	-258	409	2152	2930	1903	3190	2491	1721	4356	3854	2994	4458	2996	2037	1906	9047	2709	2786	2701	2553	9050	9051	2021	9052	9049	5738	
192	cosmetics	-1098	
193	food	-367	2024	7849	7857	7851	7846	5572	1882	2974	7852	7855	7856	7847	7845	7848	7854	
194	restaurant	-723	2611	2617	2612	2632	2621	2622	2610	2614	1896	2630	2618	2633	2625	2619	2616	2613	2513	2634	
195	others	-327	5766	8368	1541	8371	3311	8366	8365	8372	2582	8373	3535	8374	8370	148	4187	2402	6498	
196	clothing	-1023	822	823	16	6	821	
205	shoes	-1062	
206	bank	-617	157	3340	4374	4378	4369	1906	4373	2531	4375	4368	2554	4342	4372	2608	4377	3241	
207	cosmetics	-780	1689	1017	1055	
208	food	-685	3286	253	3290	2402	3281	3291	3288	3283	3292	3282	3285	3173	3284	3289	3287	
209	clothing	-755	1755	304	
210	others	-866	1411	1413	1414	652	
211	others	-107	5167	2329	2291	5162	2861	5161	4345	2353	5165	
212	clothing	-1115	481	499	4	87	40	482	277	480	
213	electronics	-247	2152	1864	
214	others	-36	11324	6025	11319	2152	2401	11330	1536	2944	11327	1418	2139	11316	11328	11325	11331	11320	11329	11317	2508	10907	2230	2582	8797	6385	11315	11323	9570	11318	6386	11326	2358	3822	11322	2370	3458	7965	2246	
215	electronics	-181	9730	2179	5516	9734	4239	9731	9732	3612	8832	9733	2640	
216	others	-542	5685	1882	5684	5667	3541	5679	2014	1817	5682	5670	5489	5673	2222	5664	2053	2545	2790	2608	5676	3190	1811	4508	1831	5668	3438	5669	2068	5665	2010	5674	5663	5672	2059	119	5660	5659	4813	5689	5671	1536	
217	shoes	-1163	40	338	304	25	299	168	
218	food	-728	2252	2222	2552	1987	2553	2491	2531	2554	
219	others	-639	4026	4077	2009	4028	4088	1883	4006	2346	4057	4033	4000	4089	4002	4058	4091	4007	4046	3203	4068	4086	2437	4017	2545	4035	4084	4021	4045	4082	4029	4076	4009	1896	4012	4053	4063	1902	3438	4032	3993	4037	4015	3995	4081	4038	4054	4042	4080	4023	3241	3994	4047	4005	3678	3992	1794	4074	3314	4008	4060	4043	4018	4073	4079	4004	4044	4052	3996	4087	4036	1774	4059	4025	4069	4001	4078	3998	2020	4031	4027	2181	4071	4083	4072	4065	4040	4061	4049	4090	3997	4056	4011	
220	electronics	-264	8983	6371	3438	753	4234	2183	2703	8986	4124	2182	8985	3614	2473	8842	8989	8988	1906	8987	2818	8982	
221	travel	-370	2651	6928	7836	7834	7832	196	2180	4904	2408	
222	food	-558	1891	5327	2640	5328	2379	2024	2152	
223	cosmetics	-1114	500	430	201	144	
224	travel	-72	10937	7205	10938	2024	10759	10936	2070	2983	10940	
225	others	-554	5397	5399	5384	5398	2487	2905	3905	3903	5405	2344	5407	5406	5408	2577	5387	3371	4151	3334	5412	5386	2353	2354	5416	5400	5395	5388	5403	5414	2858	
226	cosmetics	-824	16	652	749	880	
227	food	-397	7537	7533	4282	2450	7563	5415	7541	2809	7528	7526	2651	3289	1411	7551	7562	7549	7529	7536	3219	5406	7530	7564	7550	7538	7559	7543	7527	7532	7547	7554	5409	2680	1717	7561	7558	7557	7565	7531	7553	7535	3001	3222	2608	2478	7556	7534	7544	2693	7525	
228	accessories	-1014	851	850	144	
237	bank	-120	2152	3028	10442	2024	2974	5972	3124	10438	5480	10436	8292	10441	2183	29	1536	10434	7417	4587	10446	10440	10444	10435	
238	travel	-581	5051	2024	2240	1906	4356	
239	bank	-265	5244	8980	2907	8975	8964	8971	2222	8961	8972	8977	7050	8963	2223	1934	6769	7032	8968	8969	8960	8962	2139	2709	4820	8957	2544	8965	8979	8966	29	8867	8976	272	8255	
240	food	-283	8809	2861	8802	2079	8810	2530	8797	5994	2241	2634	8800	5855	8812	8805	3527	409	8799	8577	8806	2495	8804	2491	8807	8254	2152	8798	8803	2385	8811	8801	8808	8576	5480	
241	bank	-531	2010	5858	3523	2759	148	5860	3191	5865	5863	5859	4239	2233	5861	2223	5867	2238	2982	2653	4457	5857	2553	5866	5754	
242	clothing	-153	6086	1891	2437	1899	5185	2433	
243	electronics	-749	1772	1810	1785	1776	1835	1809	1794	1840	1798	1808	1841	1814	1822	1813	1797	1773	1836	1639	1824	1784	1819	1778	1790	1842	1839	1805	1801	1774	1820	1770	1787	1830	1777	1825	1834	1844	1768	1811	1828	1832	1781	1786	1779	1775	1782	1831	1780	1804	1846	1817	1799	1800	1792	1538	1821	1769	1806	1789	1807	1838	1788	1795	1791	1812	1816	1843	1771	1833	1847	1826	1827	
244	restaurant	-655	2024	2550	2608	2808	2786	3799	2987	3659	
245	food	-87	10824	6686	10822	2531	1891	4877	10825	1536	
246	shoes	-848	1464	1463	794	317	303	564	
247	cosmetics	-940	
248	others	-915	1243	1240	1242	
249	travel	-100	10676	2139	7065	2491	2545	10683	10682	6928	9666	10675	2167	2608	7137	10674	10679	10680	2021	3865	
250	food	-727	2578	2564	2557	1891	2568	2565	2572	2560	2178	2577	1987	2571	2558	2566	2567	2575	
251	bank	-318	8178	753	8510	8536	8520	2010	6045	8534	8526	4412	2554	8516	8177	8531	8533	5798	8525	8511	2545	5723	8524	8517	8522	4820	8519	8535	8532	8512	1983	2653	8518	2709	
252	bank	-120	3028	3015	3479	10434	5972	2508	7409	10444	10435	4587	3602	4198	10438	10446	10441	2974	8292	7417	10443	2152	2179	10440	29	10442	1536	3124	
253	clothing	-1222	35	34	32	36	31	33	
254	electronics	-35	6752	10044	2079	2008	11349	11352	3865	11347	3883	11340	11348	11333	11344	11356	2080	11353	11357	2019	2241	2818	11335	11345	5483	4426	9646	1536	11332	11337	11339	3001	11350	2152	11342	2782	11334	11355	
255	shoes	-959	277	1068	1067	1066	
256	others	-1208	
257	clothing	-1071	172	628	
258	others	-486	3046	6439	6417	6426	6443	6444	6433	6447	1639	6423	6430	6420	6441	6442	6434	6427	86	6431	6414	6432	28	6448	119	4186	6425	3729	2962	6415	6436	6413	6424	6421	2688	6445	5382	6418	6437	6446	6419	5071	6429	6440	6428	2491	6416	
259	restaurant	-504	6264	6258	6246	6261	6257	2653	6249	6240	2152	6256	3205	6244	5507	3823	6248	6254	6265	3109	6255	1536	6247	6243	1639	6250	6253	4674	6245	6259	
260	others	-981	981	980	977	
282	cosmetics	-975	379	1014	1012	1013	666	
283	shoes	-1200	169	145	44	170	172	
284	others	-243	3527	3860	2535	3835	5614	7052	4587	5169	2709	9298	
285	others	-136	2912	3343	1993	148	3350	2818	3332	3347	3341	1987	3335	3314	1938	3315	3336	3329	2009	3322	3327	3316	3346	3326	1982	3342	3317	2950	1985	
286	shoes	-1101	
287	others	-563	5212	5210	5211	5209	2544	5207	5205	5206	
288	accessories	-757	796	544	1752	
289	travel	-650	3864	3861	3848	3847	2491	3866	3862	3865	3851	272	3849	3854	3867	3856	3863	3857	2653	148	3859	3855	3860	3850	3852	3853	3858	3846	
290	restaurant	-601	4734	4735	4730	4737	4732	4740	4186	4731	2008	4739	4733	2974	2079	
291	shoes	-635	4182	87	4181	
292	shoes	-808	337	1596	1042	
293	others	-56	5380	11112	11129	11110	11124	11130	11121	11111	2545	11128	11131	11127	11117	11126	11118	11123	3544	2222	10528	2154	11114	11116	11115	9434	3130	1411	753	1899	2075	11125	11120	2475	2544	11119	11122	
294	bank	-226	2152	5761	2548	5416	2183	3617	6863	9417	
295	cosmetics	-969	1038	6	923	619	1036	1034	
296	accessories	-955	1079	
297	others	-107	5163	2329	5161	2861	5167	5164	5165	5162	
298	food	-146	10054	9453	10053	2595	10055	4411	6229	7653	
299	accessories	-83	10875	7899	10876	10873	10869	6882	10883	2582	10881	10427	7488	2573	10870	2247	3806	10868	10882	7030	10885	2861	6605	10884	10879	102	3190	824	10874	10867	10872	10877	10871	2024	4813	6876	3109	
300	clothing	-766	1654	1651	
301	travel	-225	9418	9421	6123	9420	3761	9419	4904	
302	clothing	-340	545	1903	8199	8200	1601	8194	8202	3931	1906	8195	5047	8198	77	8201	
303	cosmetics	-844	926	380	1480	1481	515	201	
304	shoes	-1003	885	276	16	884	
305	others	-361	7958	2070	7957	7954	7955	4904	7951	7956	7952	2653	2648	2709	7953	5479	2310	7959	7063	
314	clothing	-1057	281	44	689	690	
315	clothing	-455	6761	3269	3365	2548	2511	25	6759	2397	2983	3158	
316	food	-126	2577	4143	10390	2487	3617	10399	10359	10360	10375	10392	10395	6211	2911	10400	9765	10361	8064	1909	10367	3070	3413	2962	10369	10380	3512	3865	10376	4594	3883	10370	10402	2343	10363	2639	10393	1536	5766	2559	1693	10397	10388	10403	10371	10364	4071	6215	10362	10372	10381	10396	4827	10389	10378	2435	538	3904	2408	10391	3896	10387	10379	481	10373	10382	10365	10377	10385	10398	4186	3754	10374	10401	9352	8580	10394	10366	1987	4219	10383	8746	10386	10368	10384	1934	1985	
317	clothing	-1054	6	
318	others	-864	1420	1422	1425	
319	others	-748	1873	1859	1848	1854	1878	1864	1881	1880	1860	1865	1871	1850	1870	1861	1872	1869	1849	1876	1874	
320	clothing	-861	1430	
321	bags	-800	406	360	1628	1162	407	
322	others	-230	5050	8007	9379	2636	9381	3151	6335	9383	2998	2582	9382	9378	9384	148	1721	8014	9380	2639	2877	6099	2545	2709	2641	9385	
323	food	-458	6753	3535	6747	2021	6743	6748	6749	6750	5852	2618	6746	3437	6740	6754	6751	6744	4086	6745	6752	6741	4194	6742	
324	clothing	-660	3646	3650	3626	3644	3631	1891	3627	3634	1906	3647	3632	3151	2021	3633	2182	238	345	3638	3639	3630	3651	3642	3629	2183	86	3648	3649	3625	3623	3624	2014	3622	3643	3640	3645	3109	2608	3628	485	795	3635	3641	
325	shoes	-1096	270	542	543	546	548	366	23	
326	cosmetics	-898	59	999	1297	1296	
327	electronics	-238	1916	1407	1934	1925	1910	1923	1919	1938	1936	1933	1932	1900	1924	1914	1915	1939	1913	1943	1931	1917	1929	1930	1942	1912	1935	1918	1937	1920	1927	1921	1926	
328	travel	-64	6959	6978	6976	6972	2648	1830	2626	6971	6968	6974	6951	6960	4670	2024	1882	6948	6965	6977	2152	6967	6954	3151	6952	6955	2703	6958	2010	6963	6956	
329	accessories	-947	1113	1117	1112	44	748	1114	787	948	1115	1116	
330	restaurant	-211	2014	9505	3695	9509	8989	3512	9500	9503	2531	2183	8576	8067	9501	9508	2709	9504	6676	5094	9502	2646	5625	9507	9506	1987	1721	
331	food	-201	1899	3062	3617	2639	
332	electronics	-899	1294	1291	1293	
333	restaurant	-249	1721	3591	2531	9208	2835	9221	9223	2024	9212	9210	6392	2241	9216	1882	9209	9219	2023	9215	9213	9214	
334	travel	-431	3811	7079	2240	3133	1906	4412	7077	2021	6676	7080	7081	1536	6407	7078	2022	6573	2395	2024	
335	cosmetics	-784	58	1529	505	1674	
336	accessories	-1055	697	695	694	
337	others	-657	3732	3700	2410	3667	3721	3697	3735	2009	3673	3676	3709	3693	3753	3663	3446	3720	3755	3707	3704	1864	2607	3666	3713	3746	3662	2926	3743	3733	3751	3698	3686	3668	3656	3699	3749	3750	3714	3701	3664	3688	1855	3681	3665	3731	3725	3680	3742	2152	3661	3744	3687	3684	3682	3708	3694	3703	3146	1835	3674	3705	3747	409	3752	3741	1536	2776	3690	3730	1989	3670	1997	3723	3724	2783	3327	3706	3718	3657	3671	3678	2139	3659	3712	3722	
346	electronics	-902	1285	280	
347	accessories	-968	1042	21	44	1039	671	1040	1041	
348	accessories	-779	1698	644	1696	1697	1690	328	1693	434	158	1692	1695	1691	1694	619	
349	accessories	-1020	420	
350	food	-397	7523	2680	157	3001	7560	7548	7542	7549	7544	6315	7563	7537	3219	2450	7543	7540	7559	7527	7551	7556	7530	1985	2478	1536	7555	7552	7550	7526	7554	2651	7533	5406	7541	7565	7561	7525	7534	4168	5409	7528	7522	4827	7546	7547	2608	3289	2693	4282	2809	7319	1717	2392	7564	5415	
351	food	-3	4194	3535	1536	9018	11756	2573	11757	2412	9024	11759	11758	8680	2773	2653	
352	accessories	-957	1075	
353	accessories	-461	2974	2572	6723	6721	6720	
354	clothing	-1225	18	10	25	5	12	2	26	8	9	19	11	17	21	23	3	13	14	20	15	1	
355	bags	-1005	879	81	878	880	881	16	877	184	
356	shoes	-959	1068	277	1067	
357	others	-236	2183	2998	1817	2179	8843	5799	6693	8699	2971	215	9351	3028	2974	8903	
358	others	-609	3164	4534	1823	2687	4536	4533	4525	4542	4528	4524	4523	4544	4535	4526	4532	4541	4527	4543	4537	4540	
359	accessories	-849	1460	1462	1461	
360	others	-994	925	671	924	184	500	926	
361	others	-641	3300	2545	3298	3304	3301	1987	2156	3294	
362	restaurant	-733	2480	1721	2452	1896	2023	2461	2482	2473	2460	1536	2457	2139	2479	2445	2464	2455	2438	2476	2451	2439	2471	2442	2447	2483	2462	2441	2448	2079	2024	2444	2453	2450	2443	2440	2484	2459	2487	2449	1883	2466	2446	2477	2456	2486	2465	2467	2485	2474	
363	cosmetics	-830	118	1522	56	986	280	1523	201	299	58	
364	accessories	-1160	346	120	39	
365	shoes	-1122	
366	bank	-436	7040	6312	2180	3659	29	3527	2139	5731	7042	7045	7038	2223	7050	7036	2233	7044	7051	7037	7033	7034	3918	7043	5313	7046	7047	4236	3523	1817	4820	7039	5931	7041	3022	7048	7052	7035	6951	7032	2709	7049	2024	1882	
367	others	-645	3933	3931	1720	2152	2008	3934	3936	3932	3935	2024	3929	3937	
368	others	-533	5840	5848	5850	5835	5651	5822	5841	5832	5826	253	5836	2893	5846	5837	2686	2024	1995	2008	5819	5825	5818	5829	5849	5824	5845	5834	
369	others	-427	5537	5522	5579	5549	5539	5568	5150	4508	5572	5573	5528	5555	5576	5589	3132	5571	2786	5564	5533	5557	5531	5577	5558	2152	3028	4955	5525	2487	5566	4174	5582	2343	5538	5540	5527	5578	1817	5584	5544	5519	5547	5550	5526	5580	5552	5532	5536	407	5523	5081	5575	5563	5588	3443	5587	5080	1880	5562	5560	5553	5520	5567	2862	1981	5583	5569	5548	5543	5541	5521	5574	3438	1715	5586	4501	5581	5554	2693	5585	5535	5556	5551	5546	2183	5570	5565	5530	3753	5561	5529	5590	4500	5524	5545	5591	
378	others	-602	4722	4726	2291	4727	4716	2650	4720	4729	4723	1536	4715	4712	4728	4717	4724	4725	4714	3753	4718	2023	
379	accessories	-66	2532	11021	2626	11022	11026	11024	7976	
380	clothing	-88	9438	10816	2343	3957	2629	10813	8577	10805	10819	10818	2222	768	6760	1906	925	2532	10808	1934	545	10817	77	5212	10812	272	87	10807	10810	10821	972	7778	544	2790	3269	4194	10806	4191	1868	10804	
381	others	-101	
382	restaurant	-612	4457	4455	148	4453	
383	cosmetics	-786	1672	1670	328	201	
384	shoes	-1051	16	709	515	707	504	
385	clothing	-566	5182	5179	5178	
386	clothing	-790	327	1363	6	657	144	
387	clothing	-1015	488	721	848	845	846	
388	restaurant	-564	2944	5190	3546	5201	2818	2021	5203	5200	3896	5189	4179	5197	2054	5198	3894	
389	electronics	-105	10645	10653	10636	2010	10666	5094	10619	10631	1817	10638	2306	10641	10657	4186	8599	10624	2068	2924	1891	10626	1938	3753	7724	2786	10644	4606	10639	1829	7466	10664	10662	2154	10656	10655	10445	10650	2582	10658	1934	10640	10646	10630	10652	7777	3529	2292	2818	10627	2139	1821	10632	10647	10620	10663	2145	2463	7025	5567	10659	1653	10628	10642	10654	10661	3084	10660	3766	1899	10637	10625	10649	4887	10667	10622	6502	
390	food	-320	8487	8493	8463	4314	8477	8455	8469	8445	8473	4688	8450	2576	3310	5926	8464	8472	3195	8491	8446	5651	8488	2004	1995	8442	8484	8486	8479	8454	2009	1979	4865	8460	8483	3840	8444	8490	8441	1987	3107	8466	3605	498	2861	3270	8461	2651	8482	8478	8470	8467	8443	2402	4145	4953	2006	8475	2575	8471	8452	3193	8447	8457	5065	8489	4583	4685	8481	8449	2151	8480	3044	8485	2862	3714	
391	food	-256	9069	2550	9070	9066	9068	9061	1639	9065	9062	2491	5321	2024	9067	8955	9063	9064	2435	2464	
392	shoes	-793	647	787	1652	1653	168	6	721	
393	shoes	-1069	638	35	381	639	640	434	420	636	168	635	517	274	491	624	504	
394	accessories	-816	1569	500	1568	
395	food	-569	3337	3322	3338	3316	3346	3328	3349	3333	3329	3327	3330	3318	2818	3350	3331	3334	3317	3335	3319	3326	3345	3315	3314	3324	148	3332	3336	3343	3320	2912	1993	2950	1982	1938	3341	
396	shoes	-1143	417	337	413	415	414	418	168	416	
397	shoes	-1180	
398	food	-1206	129	128	132	131	130	
399	food	-1191	213	
400	others	-196	4517	2608	4503	4492	795	3541	2759	4463	4493	4470	4465	4507	4515	4514	4505	4482	4491	4481	4467	2152	4458	4462	2392	4186	4522	4478	4509	4486	3156	4488	4499	4476	2987	4516	4469	4464	4466	4495	2861	4504	4519	4479	2782	2651	3350	4510	4480	2223	4518	4511	2510	4501	4496	4485	4513	4498	4520	2438	
401	clothing	-1009	863	862	861	79	
423	restaurant	-314	8565	3144	2024	
424	cosmetics	-837	1504	1501	1503	880	986	1479	58	1502	201	19	
425	accessories	-984	969	971	644	970	546	
426	others	-1106	
427	food	-397	7557	7558	7539	3001	2651	7549	7527	7533	7524	3314	2809	7546	7548	7523	7560	7561	157	7552	3222	7319	7551	7531	2478	5507	7542	7562	7556	2608	7536	7535	7550	7525	7537	7532	1985	7538	3289	7541	
428	clothing	-446	2527	6914	3372	6913	280	6910	6912	6150	4503	6915	2790	5148	6919	6906	6930	6929	2605	2343	6917	2577	2814	6922	6933	6932	6926	6916	6903	4512	6925	6909	2877	1883	3109	6928	6931	6905	3074	
429	accessories	-1014	851	144	56	850	849	499	515	
430	cosmetics	-909	641	1268	
431	food	-352	8074	8072	3903	3865	2759	8073	5415	8075	2402	8078	3659	8077	8076	8079	
432	food	-261	2412	9019	9017	8691	9025	9018	2183	9021	9001	9024	2809	9002	6754	5507	9013	9023	9014	9022	9010	3973	9004	9009	1995	9000	
433	clothing	-1050	713	711	714	712	
434	clothing	-943	535	426	836	1130	
435	accessories	-425	7144	545	345	7138	7143	7142	1630	7140	3144	25	2816	7141	3269	
436	clothing	-1045	248	744	741	740	247	435	742	656	743	739	
437	others	-21	
438	shoes	-1200	145	44	171	169	168	170	19	172	
439	others	-231	4504	4480	4467	4500	4498	4502	4476	3541	4469	4470	4512	4521	4522	4471	3156	4505	1929	4464	4515	4519	4465	4474	4186	3001	795	4517	4458	4491	2782	4497	4493	4516	4499	4463	2392	4514	4506	2608	4475	4459	3350	4460	4484	4511	2861	4510	4461	2987	3805	4486	2759	2545	
440	restaurant	-260	3903	9027	2759	
441	accessories	-1032	
442	others	-1153	
443	others	-640	3985	3989	3982	3991	2694	2139	3981	485	3990	
444	others	-640	3990	3985	3980	3983	3988	2139	2412	3982	3984	3987	3989	86	3991	87	3981	2694	
445	travel	-180	9737	1721	9741	2608	9739	2808	9736	9742	3798	2550	
446	accessories	-649	2202	
455	others	-764	1479	1736	1738	1735	1737	
456	food	-686	253	3268	3244	3279	3248	3276	3264	2577	3245	3270	1909	3247	1536	3267	3258	1997	2531	3263	3246	3253	3252	3251	3109	3241	2291	3261	3273	3249	3272	1825	3274	3254	3266	3269	2014	3255	1891	3280	3257	3277	3265	3259	2178	3275	3250	2544	3260	2464	2470	
457	restaurant	-204	9561	3001	9569	2536	9559	9565	3191	9563	2152	5809	7388	1906	5911	9557	6925	9556	9564	9560	9555	9566	1536	2653	9554	
458	food	-560	2639	5323	5313	2513	2152	5317	5319	5320	1817	2998	5315	3527	2530	2172	3371	5318	5316	5322	3617	2183	5314	5321	2180	
459	accessories	-1019	830	832	304	346	16	831	829	
460	clothing	-508	5432	6169	6161	6153	6157	6160	6151	6168	4429	6159	6162	6154	6166	1407	6170	6152	6163	6155	1601	2024	6164	6156	6165	
461	cosmetics	-593	3306	2495	2651	3307	3305	
462	others	-5	3109	11695	2512	1536	11698	2413	11701	148	11697	4799	2370	6161	
463	others	-629	1891	2154	1987	2531	4217	1899	2435	4218	4215	4047	4216	643	
464	clothing	-1213	80	85	81	25	87	84	86	83	
465	clothing	-908	82	145	1270	721	1269	1271	144	970	277	
466	accessories	-875	552	
467	others	-21	
468	electronics	-181	9731	9733	8832	9734	2179	9735	9730	2640	
469	travel	-1034	250	
470	clothing	-1225	22	1	23	20	4	10	9	6	26	14	7	8	18	11	13	24	3	16	15	19	21	2	
471	bags	-268	3269	7915	8950	25	3152	87	3823	2629	
472	travel	-658	3761	3767	2623	3760	3764	3759	3756	3757	3535	2963	3230	2545	3762	2971	3758	3763	2818	
473	cosmetics	-853	1448	1449	
474	cosmetics	-991	936	938	942	941	937	939	940	880	
475	food	-428	3602	2179	2971	2182	
476	clothing	-1127	
477	food	-71	5919	2139	10955	10945	5066	10943	2790	10944	1934	4452	4135	10948	3109	2146	10954	56	2531	10949	10959	10946	10956	10958	4429	10952	10941	1891	10957	10951	500	5185	10947	10942	10950	368	
478	food	-488	6404	4187	6392	3158	6399	4555	6391	6406	4292	2701	6400	6398	1989	3841	3206	2577	6403	3659	6394	6405	6136	2710	3270	2510	4508	4792	6396	2642	2808	6393	6397	6402	6395	2197	2553	6401	
487	cosmetics	-1103	
488	electronics	-899	1289	1294	1290	1295	
489	cosmetics	-853	750	379	1449	1448	
490	electronics	-526	5959	5960	5935	5949	5968	2230	5929	5927	2139	2079	5963	1536	5961	4593	5936	4463	2680	5970	5964	3808	123	5948	5932	5966	5972	2024	5439	5931	5950	1790	5937	4774	5945	5955	3272	5965	4345	5933	5958	5956	
491	bank	-279	2974	8831	2182	7757	8830	8835	8833	2511	8836	8832	3151	8834	8829	
492	cosmetics	-30	156	1383	11412	2511	11415	2577	11420	9631	272	2019	11419	11421	148	11413	1536	3109	2021	1906	
493	cosmetics	-750	544	548	25	
494	accessories	-115	5212	8154	925	10528	6878	2152	10526	2974	6937	2247	2024	5145	10536	10530	10533	10541	10542	1536	2464	10532	2009	162	10531	2395	
495	others	-32	11408	11403	11406	11409	2893	4944	4457	11405	1536	11402	148	2019	11410	11407	1832	
496	others	-306	3534	3533	
497	clothing	-852	399	371	1451	1450	
498	cosmetics	-40	11296	2024	4179	2905	11293	11307	11301	1987	11300	2222	11295	11294	2729	3957	11299	3728	
499	food	-559	5326	3349	4356	5324	
500	food	-376	2384	3826	2021	2183	161	7752	7755	5515	2464	5649	7753	7754	2179	3479	2182	
501	cosmetics	-167	2385	9825	9823	9820	9819	2516	2793	9821	1536	2241	9108	1906	
502	accessories	-83	10427	10876	10875	10878	7899	2573	10868	3109	10877	10873	2247	10867	10870	10884	2024	6882	4813	2582	10871	10872	3806	7488	824	102	7030	10880	10879	3190	2861	10881	10874	10869	10885	10882	10883	
503	others	-336	6384	1536	1906	2243	6481	6480	2786	5739	6479	
504	food	-33	2156	11401	10445	3489	7030	11400	
505	bank	-161	6951	8966	9892	2544	1882	1906	2243	186	9878	2139	8500	9883	3389	9891	3434	3371	3917	3151	9453	9897	9888	6767	9882	9879	4413	9895	4429	4186	8898	9881	3022	9887	9884	1536	6123	9880	9890	8978	8293	9896	29	
506	food	-559	4356	5326	5324	
507	bank	-123	8977	10421	1883	2642	2709	
508	electronics	-251	9197	156	2686	1702	9190	2939	1826	330	1804	9196	9195	9193	9194	9185	9192	9188	2230	2969	6312	9198	272	9191	9187	9189	
509	cosmetics	-954	1083	1082	
510	bank	-308	5313	3015	8584	8587	2152	8586	8585	2183	3132	2548	4198	3109	3602	5182	4820	272	
519	electronics	-28	11431	11433	11426	11446	10894	2408	2435	4282	4840	11437	1906	2223	1903	11441	3645	11428	2358	2224	7409	11434	11423	2814	11435	2601	11449	11444	11425	11430	11424	11445	5492	11439	1536	2139	3481	1883	11443	11440	2225	2180	11448	11438	11451	2470	11450	11442	11429	11453	2861	11447	7081	2410	2152	2016	2395	1826	3589	
520	others	-357	1906	8018	2971	3510	3130	8019	2640	2179	8017	7953	2653	1872	
521	food	-568	3288	3291	3292	3282	253	3284	3281	3286	3173	3289	1825	2402	3283	
522	clothing	-1177	264	262	44	266	40	263	268	259	
523	shoes	-1143	417	416	418	168	415	44	337	413	
524	others	-494	4483	1929	2438	4511	4503	4489	4521	4504	4515	4459	4496	4517	500	4471	4474	4462	2223	4493	4472	4460	4522	4475	4502	4478	2608	4481	4463	2987	4476	4512	4490	3350	2152	1411	4469	3151	4482	4465	3156	3805	2545	4492	2759	2510	4458	795	4485	2861	4499	4466	4519	4514	4470	4505	4495	4486	4494	4509	4487	148	4480	3541	4506	4507	4186	3001	4501	2782	2651	4473	4500	4461	4484	4491	4488	4508	4479	4468	4467	4464	4513	2392	
525	cosmetics	-972	1027	58	16	59	1026	201	
526	others	-764	1737	1738	1735	1479	
527	cosmetics	-40	2348	2729	3957	3840	1987	2024	11295	11297	2222	11302	11300	11303	2246	1906	11299	2531	11293	3728	11305	4179	11306	2905	11307	220	11301	11296	152	3144	11298	
528	food	-397	7563	7541	2608	7537	7533	7545	3289	7555	7534	7558	7561	7548	7531	7546	3001	7543	6315	1536	7557	7536	5409	7544	7523	7539	1932	7526	7549	7319	4168	7528	7560	5406	7565	7535	2680	1717	7552	7550	2392	3219	
529	shoes	-1039	770	772	
530	others	-602	1536	4721	4717	768	2291	3860	4715	4713	4725	4719	4716	2650	2068	4718	4714	4720	2023	4728	4726	4724	3753	4727	4722	
531	travel	-658	2963	2545	3758	3761	3764	3763	3230	2971	3766	2155	3760	3759	
532	clothing	-801	1333	742	225	1363	1627	444	1625	1623	1626	
533	shoes	-121	10432	10433	2651	10431	253	824	3442	1906	10430	
534	cosmetics	-991	936	501	942	938	939	
535	cosmetics	-696	3178	3165	3177	3180	3174	3176	3182	3184	3172	3166	3175	3171	3169	3167	2880	1818	1984	3183	3168	3173	3181	3185	3179	
536	clothing	-992	934	933	184	935	932	
537	shoes	-1192	210	212	209	44	145	
538	cosmetics	-831	925	1519	1520	1521	
539	accessories	-757	796	1751	
540	electronics	-607	4597	1817	4584	4568	4596	2582	4594	4577	1998	1821	4559	4558	4554	4562	4556	4551	4553	4591	4601	4587	1835	4560	2152	4570	4606	2059	4578	4579	4576	4271	2624	1980	4580	4603	4593	4599	3991	2234	4574	3746	4563	4589	4564	4582	4595	4605	4087	2312	4550	4573	4602	3842	4557	4561	4588	4566	
541	food	-422	7231	5080	7273	2861	7226	7234	7266	7208	3841	4167	7237	3390	2686	4764	7236	7282	1414	7220	7251	7240	7222	7257	7235	3883	7283	3944	7227	2729	7260	3284	7246	2173	5048	2156	7223	2353	7224	7265	3337	2154	7262	7101	7289	7279	3840	7249	7258	7275	7280	7216	7269	7213	2343	7252	7209	7267	7233	7245	7285	7232	7284	7210	7250	1987	7253	7230	7207	2936	7212	2547	7290	7241	7270	7254	7248	
542	bank	-160	29	9909	9901	2491	9912	9906	9910	9913	2618	9908	1817	9903	4429	2412	9911	4194	9904	9902	5500	9907	2010	9900	6552	2623	9905	
564	bank	-699	3129	2180	3135	2971	2930	29	3127	3126	3132	3134	3136	3128	3123	3131	3125	3083	3124	
565	food	-291	2531	4792	4162	2709	1870	2710	8711	6083	8714	2512	8710	2059	8713	
566	accessories	-953	1085	
567	clothing	-1040	767	765	768	769	46	766	
568	others	-152	3894	3190	9995	3753	9999	8253	9994	9996	10000	3151	2152	9998	
569	others	-274	7538	7528	4827	1932	7527	157	2693	3219	7547	1536	7556	2809	4282	7524	6315	5406	7553	7531	2680	7525	1985	7542	7564	7537	7554	7319	7560	7549	7555	3222	5415	5409	7526	7536	7532	7535	7523	7540	
570	food	-619	4367	3133	4365	4364	1601	
571	others	-647	3921	3918	3911	2401	3924	3913	3922	3915	2139	3914	3028	3926	3916	3920	3925	3527	1536	2358	3232	3361	3910	2703	3912	
572	food	-643	3977	3974	1011	3973	2786	
573	bank	-384	3883	1876	7635	7640	7634	5961	7644	7639	3015	7645	2152	7642	2581	2614	7638	7641	4790	4198	2608	7643	1883	2024	29	2412	
574	others	-383	7665	7675	7654	5614	148	7664	2545	1011	1852	3389	7658	7647	7652	1238	3955	4891	824	7674	2412	1906	7646	7661	7671	7657	7649	2786	7653	6034	7659	1817	7660	7656	7672	7662	7673	7648	1861	2307	7666	4540	
575	accessories	-947	1117	787	948	1116	1114	748	1112	44	1115	
576	food	-148	3717	2397	10027	3083	10030	2384	10031	3792	10028	2577	10032	2582	3438	2626	6753	10033	10026	3527	2464	10029	2024	3190	2623	3535	3905	3070	2392	4194	10025	10034	
577	accessories	-772	1630	1631	87	1720	1715	1722	1721	
578	shoes	-691	3207	3208	
579	bank	-1223	29	30	
580	food	-53	3315	3350	3334	3320	3327	3341	3324	3335	3331	3317	1985	3338	3316	2009	3349	2912	3323	3319	3346	3330	148	3318	3336	3322	3314	3344	3342	3343	3347	
581	cosmetics	-610	4460	4514	3151	4507	4473	1411	4471	4487	4522	4508	4484	4458	148	4485	4516	4519	4490	4459	4495	3805	2987	4493	4498	4518	2152	4500	795	4483	2861	1929	4510	4521	4509	4472	4481	4499	4511	4463	2223	4520	3541	4469	4503	4461	4497	4479	4482	2651	3156	
582	others	-695	3191	3192	3188	3195	3194	3187	3186	3190	3193	
583	others	-556	5368	5370	5371	328	2005	5369	
584	food	-532	2582	1906	2639	5853	2379	2412	5855	2222	2152	
585	food	-45	3334	3346	3332	3349	148	3331	3327	3317	2950	3316	3320	3324	3339	1987	3342	3345	2818	3322	3335	3341	3326	1993	3328	3333	3336	3340	3321	3350	3338	3329	1982	3343	3315	1985	3348	3314	1938	2009	3347	3337	3323	3325	2912	3319	3344	3318	
586	others	-1111	
587	others	-871	1393	1396	1400	844	1394	1392	1398	1395	92	1397	
596	travel	-439	7014	3760	5717	6928	7015	3130	7019	2974	7016	2183	2182	2179	7017	7018	
597	food	-394	1865	6358	6347	339	6150	2353	6354	6350	6349	6362	6357	2545	6346	6355	6345	6359	6341	6356	6344	6363	5402	6343	6353	6360	6340	6352	4167	2759	6348	6361	6342	
598	travel	-1034	250	788	184	
599	others	-309	5535	5576	5568	5528	5081	5545	5553	5544	1536	5527	4508	5552	1865	5590	3028	5549	2862	5542	5586	5521	5551	5543	1817	4504	5583	5548	5519	5554	5575	5572	3132	5536	5589	5587	5547	5578	5580	4501	2693	5577	5570	5526	5559	3438	5080	4500	1715	5523	5579	3753	5558	5531	5525	5573	5520	5560	5524	5534	2152	5567	5574	5563	5546	5539	4174	5566	5562	5537	1981	5550	2487	2183	5581	5556	5529	5540	5565	1880	5561	5564	5571	5584	2786	407	
600	others	-20	2438	4483	4504	2608	4490	4489	4511	4498	4484	2545	4477	2152	4499	795	4506	4476	4488	4503	4465	4512	4458	2759	4501	4516	148	2223	4520	4491	4496	4459	4522	4502	4472	3156	4460	4514	3541	2987	4513	2392	4519	4463	3151	4505	4494	4492	4479	4493	4470	4467	4485	4495	4510	500	4461	4464	4480	4186	2782	3350	4507	4500	4486	4471	
601	others	-286	5587	5579	5546	2152	5551	5568	5589	5535	5574	5575	5583	2786	5530	5525	5547	1536	2487	5528	1981	4501	5573	5590	5555	5556	5582	5552	5565	5538	1865	5539	5588	4500	5520	5550	407	5548	2343	5540	5527	5532	5561	5529	5577	4508	5563	5524	3443	3753	4955	5584	
602	restaurant	-509	2008	6145	2574	3190	6147	6148	6149	6146	2566	1817	6144	
603	clothing	-838	1499	1500	
604	cosmetics	-1184	
605	clothing	-1204	142	141	147	146	143	144	
606	others	-344	3334	148	3328	3325	2912	3319	3343	3316	1987	3333	3340	3332	3342	3338	1985	3330	3337	3344	3326	3347	1938	3341	3331	3317	2009	3335	3315	3318	3346	3345	3348	2818	3350	
607	cosmetics	-30	11417	6465	2021	2019	11422	11420	11419	11416	156	3957	11413	2024	11418	3109	272	
608	clothing	-900	6	538	1288	1287	
609	electronics	-902	1283	280	
610	shoes	-870	1406	1402	79	317	1405	1404	1401	145	
611	electronics	-277	8889	8871	1536	5212	8883	8877	8881	8880	6229	8890	8878	8879	1883	8869	8875	1880	8888	2024	1238	3842	8885	3918	1906	8872	8870	3434	8886	2453	8884	8240	8887	2527	1909	4345	8876	8873	2008	
612	shoes	-1076	614	230	335	44	277	
613	shoes	-1038	145	626	44	242	403	473	
614	food	-728	2552	2252	2491	2551	2531	2554	1987	2553	2222	
615	shoes	-1000	300	277	898	16	416	317	
616	shoes	-978	595	989	
617	bank	-705	3027	2608	3019	3021	3038	29	3034	3015	3011	2974	3020	3022	3009	3028	3018	3023	1987	3042	3044	753	3007	3017	3013	3032	3030	727	3016	3029	3024	3043	2473	3005	3031	3008	3012	1981	1411	2024	3026	3041	1882	3004	3014	3003	3035	3001	3002	3033	2545	215	3025	3006	3040	2152	3036	
618	clothing	-1030	801	799	
619	clothing	-1158	357	355	350	149	356	294	353	
628	others	-39	7653	6574	2608	11310	3190	2641	2987	2008	1882	2710	2709	8255	1869	2786	7120	8676	7198	4186	2626	11314	11312	11313	4172	2183	11309	8843	11311	2623	4792	
629	electronics	-133	10288	10295	10287	3465	10286	2343	1835	3535	1830	2618	10297	8939	2545	4695	10293	10243	10290	10294	10289	10296	10291	10292	2777	2623	
630	cosmetics	-571	2999	2531	5175	1891	5174	2608	2554	2553	2183	2987	
631	clothing	-888	1350	641	1347	1349	
632	shoes	-227	2974	5227	1983	9409	9406	2020	9399	2024	6220	9401	9405	1902	3512	9411	9407	2554	1906	2531	6605	3164	9403	3979	9397	3193	1536	4412	9408	9413	9404	9394	2786	
633	food	-744	2019	2021	1721	2018	2011	2026	2025	2015	2020	2013	2022	272	2017	2024	2012	2016	2014	1906	2023	
634	restaurant	-564	1906	2478	2014	5194	4179	3896	5187	3894	3164	5202	5191	5200	5201	5188	3546	5199	5196	5190	5195	5189	5186	2818	5197	2021	5198	5193	
635	clothing	-759	1475	1646	1748	1747	376	
636	clothing	-759	1475	1646	1747	
637	others	-864	1425	1423	
638	shoes	-392	7610	7608	1870	2404	7611	
639	others	-520	4583	4046	5992	5991	5246	3195	2633	3814	5989	5998	5993	2024	5999	5990	3725	1906	5845	2152	5988	5976	5984	5995	5994	
640	others	-653	1891	3814	2246	2470	2703	3812	3809	3164	2059	3813	3811	
641	food	-385	3826	2939	3144	
642	travel	-437	3793	7032	7030	2709	7028	7031	2210	7029	
643	travel	-232	7003	6074	6991	7012	3730	2414	7004	6990	2491	7005	6998	3896	3973	5798	4502	3785	3648	6986	7006	3161	7011	4478	2438	6993	7000	2463	7013	6994	7010	7002	7009	2553	6989	3156	6985	6988	7008	4464	6769	3546	2013	
644	electronics	-886	1355	1353	1354	1356	
645	travel	-375	7757	3763	7761	7762	7759	2513	7760	6753	
646	others	-712	1717	2880	2877	1981	2873	1411	2871	2878	2874	2876	2879	2869	
647	accessories	-1019	346	16	832	
648	restaurant	-4	11710	11717	5189	11709	8818	4736	11751	1536	4625	11753	2438	11729	4619	3365	11748	2152	2311	11752	1876	2024	1411	11750	2151	2000	1909	11736	11754	11166	11712	4141	11720	4186	11742	3891	11728	3222	11732	8210	4593	2582	5995	11705	3896	11738	11733	2059	2651	11714	1906	3190	11746	8714	1987	11730	11723	11707	11725	4543	2183	795	5685	11726	2146	5657	11716	11719	3894	2513	11737	2139	11724	11715	8901	2459	11739	11708	2401	11731	3083	2559	2435	11713	3144	9565	11711	4219	2460	1896	4412	2482	2426	11702	4342	11721	11741	11718	11722	11745	11727	4906	11735	11740	11734	11743	1721	11703	11744	8828	
649	cosmetics	-288	3479	148	2996	3447	3842	8403	2713	2559	8751	7515	4292	8752	3958	4283	4348	2639	5182	1908	8753	2156	5109	4345	1891	2154	4925	2467	3839	8372	6136	7611	2640	2248	2183	
650	others	-284	2007	1995	1997	1991	1996	1906	1963	1957	1973	1984	1949	1951	1987	1956	1964	1952	1962	1999	1967	2009	2003	1975	1899	2004	1998	1908	1955	1907	1981	2005	1966	2008	1823	1946	1968	1970	1945	1958	1978	1988	1972	2006	1960	1864	1980	1971	1983	1954	1993	1977	2002	1992	1944	1895	
651	bank	-308	3602	29	2652	3015	3151	3029	4820	8586	5182	8587	8584	2548	272	4194	5313	
660	clothing	-315	4503	8555	2008	8553	8552	8558	8554	4688	8549	2078	8560	3154	8563	8556	2241	972	2016	786	8564	8551	8559	8550	
661	cosmetics	-1139	431	432	430	94	
662	accessories	-1014	851	499	56	849	
663	cosmetics	-989	953	952	118	951	
664	cosmetics	-288	6136	2248	2559	8403	2713	7611	2709	1908	4925	1891	3447	8754	2495	2154	8751	8755	2384	2573	2577	4348	4292	8757	4283	2710	4345	2467	8676	2639	3479	8749	2183	8752	1992	5109	2156	148	3839	1976	5182	3958	8756	2765	3842	
665	travel	-129	10329	10319	2786	7137	10327	5479	10321	10322	10324	3070	10325	2183	2024	10320	2180	
666	clothing	-1073	623	518	277	145	
667	clothing	-971	1029	683	
668	cosmetics	-851	1453	1452	
669	others	-675	45	3449	3445	3190	3443	2008	3441	1011	3446	2222	3442	500	3450	3444	3451	2608	3447	3453	
670	electronics	-52	11153	11166	11163	3001	11172	11169	11159	4873	11171	2653	11160	11162	11156	3608	11173	11165	4191	11167	3135	
671	shoes	-855	145	168	1445	726	
672	others	-554	5384	5404	5399	3905	2905	5406	5402	5414	5394	5412	5403	3903	5401	3334	5385	4165	5408	5390	5413	3371	2487	5393	2759	5388	5396	5398	5407	2858	5391	5417	5411	2577	5392	5389	2463	5397	5395	5416	5387	5410	4151	
673	bank	-184	4193	9414	6552	6769	2614	1870	9710	8220	9712	9711	2152	3022	2024	1536	9708	6553	9714	2183	3015	9709	
674	others	-445	6945	6943	1539	2183	6939	6944	2021	6938	28	2180	2545	2731	6385	4363	6940	3792	6941	1536	6942	2179	6935	
675	clothing	-883	1333	42	
676	restaurant	-269	5432	8949	7582	2003	2491	8946	1906	2720	7624	
677	cosmetics	-1130	99	461	459	458	201	460	
678	bags	-1155	6	343	304	371	370	16	342	373	21	227	372	369	368	
679	others	-675	3450	3442	1011	500	3444	45	3449	2222	3443	3445	2893	3451	3190	3446	3441	
680	food	-777	1708	339	1709	1710	1706	
681	bank	-531	5860	2238	148	2026	5861	3523	5859	3191	2010	5754	5858	2233	29	2152	2971	5856	1866	272	5761	5867	5862	2653	2223	4457	2759	4239	2553	5865	5863	
682	food	-84	3132	2156	8169	6075	6520	2816	6412	10858	10854	10856	10859	6324	10847	10853	2034	5815	10851	2024	10842	10845	10846	2310	10848	2021	10861	10863	1906	9338	10849	10852	10841	10855	10844	1870	10860	10862	4186	4508	10857	2079	1536	4143	2553	10843	3722	10865	5899	
683	shoes	-1012	854	656	855	
